localize_3d/OUT/reduce_planes_stardist/segmentedObjects/data/segmentedObjects_3D_barcode.dat
# %ECSV 1.0
# ---
# datatype:
# - {name: Buid, datatype: string}
# - {name: 'ROI #', datatype: int64}
# - {name: 'CellID #', datatype: int64}
# - {name: 'Barcode #', datatype: int64}
# - {name: id, datatype: int64}
# - {name: zcentroid, datatype: float32}
# - {name: xcentroid, datatype: float32}
# - {name: ycentroid, datatype: float32}
# - {name: sharpness, datatype: float32}
# - {name: roundness1, datatype: float32}
# - {name: roundness2, datatype: float32}
# - {name: npix, datatype: int64}
# - {name: sky, datatype: float32}
# - {name: peak, datatype: float32}
# - {name: flux, datatype: float32}
# - {name: mag, datatype: float32}
# schema: astropy-2.0
Buid "ROI #" "CellID #" "Barcode #" id zcentroid xcentroid ycentroid sharpness roundness1 roundness2 npix sky peak flux mag
824a895a-219f-4e77-a929-1c2d0e640537 5 0 26 0 5.5584326 479.66733 181.04745 0.5888889 7.3979673 0.5888889 212 0.0 7739.9653 154799.31 -12.974422
fa2a6367-ec6c-432d-a397-b85329b8c9bf 5 0 26 1 6.189255 501.9657 184.20557 0.5125 8.183914 0.5125 287 0.0 472.88693 9457.738 -9.939468
08ef8841-b587-4535-9f9f-359ed697408a 5 0 26 2 6.3352003 322.74448 343.30222 0.4485714 8.432901 0.4485714 314 0.0 459.6508 9193.016 -9.908645
7c7619d5-01ba-4949-b9b4-0edcfd294197 5 0 26 3 7.036315 225.67313 363.4551 0.5 7.742286 0.5 243 0.0 1367.6737 27353.475 -11.092531
3723fbb4-64a5-4ef3-b869-4c543430355d 5 0 26 4 7.0 352.76193 485.26865 0.5185185 7.534998 0.5185185 224 0.0 387.64035 7752.807 -9.723647
406f477a-6409-44a8-a8ac-6dc5c7dd3a6e 5 0 26 5 5.0279126 345.65433 185.42088 0.5185185 8.116831 0.5185185 280 0.0 268.12332 5362.4663 -9.323411
80c0a19b-461c-4073-861d-0878dbf84148 5 0 26 6 6.920717 326.24008 270.3099 0.40857142 8.174398 0.40857142 286 0.0 424.7451 8494.901 -9.822896
b546a89e-4296-4f5c-8d59-f6ac708a5901 5 0 26 7 7.5246763 128.36313 283.57635 0.48412699 7.752892 0.48412699 244 0.0 400.1662 8003.324 -9.758176
171ecedd-f014-4ddc-8a93-ec5476e8edc5 5 0 26 8 8.604468 440.6223 309.34564 0.56084657 7.3979673 0.56084657 212 0.0 19863.77 397275.38 -13.997729
aed1d8db-d377-40e8-872a-010d3d32e13c 5 0 26 9 8.293169 410.6552 319.8266 0.5648148 7.752892 0.5648148 244 0.0 767.21063 15344.212 -10.464862
cc5bd340-952a-48cb-91f1-ceb909eca8f4 5 0 26 10 8.142393 153.45158 422.44208 0.5439815 7.656373 0.5439815 235 0.0 2238.132 44762.64 -11.627289
ac80188e-693e-4cc5-b867-4fa73fa6e991 5 0 26 11 7.532637 318.4773 492.10477 0.4861111 7.37463 0.4861111 210 0.0 15755.27 315105.4 -13.74614
10eb70a4-99a1-4da6-87ff-c68e3241168e 5 0 26 12 9.603834 175.43015 37.25431 0.52592593 8.155299 0.52592593 284 0.0 1261.2793 25225.586 -11.004603
35998ad5-f6d1-4474-8fc4-98de5d76fa95 5 0 26 13 9.377441 170.62721 49.419308 0.5208333 7.546194 0.5208333 225 0.0 3938.2876 78765.75 -12.240844
5649612a-2945-4248-b4d8-805ca72885bc 5 0 26 14 9.423087 304.0789 305.983 0.3779221 8.22176 0.3779221 291 0.0 348.17587 6963.5176 -9.607072
c1f9da23-5e32-4099-92db-0a4c9b36941c 5 0 26 15 8.956683 320.67114 503.0622 0.53333336 6.7355614 0.53333336 160 0.0 1628.4355 32568.71 -11.2820015
21613bc8-f06b-418c-b4db-cdce5d7b5426 5 0 26 16 10.504151 97.68788 41.18369 0.5349794 7.9187794 0.5349794 260 0.0 256.6576 5133.152 -9.27596
40e85ff8-df6b-49cf-b38d-dab0b5f3351c 5 0 26 17 9.345478 322.30038 101.05485 0.43386245 7.7740173 0.43386245 246 0.0 10272.673 205453.45 -13.281784
879850df-a8db-46f5-b1e5-ac589f611a3d 5 0 26 18 10.681274 203.85077 320.45258 0.5037037 8.038779 0.5037037 272 0.0 580.77124 11615.425 -10.162588
9fe88604-b999-404b-9000-ef607d02b002 5 0 26 19 9.273964 205.03426 385.95502 0.5020576 7.752892 0.5020576 244 0.0 17847.826 356956.53 -13.881538
cba3b247-0a3f-4dee-88fc-2f8ad7eb1c17 5 0 26 20 10.943717 107.083725 428.2387 0.5578704 7.720987 0.5578704 241 0.0 19637.797 392755.94 -13.985307
e70c81ac-6b3d-484d-a457-be001011e6fc 5 0 26 21 13.292016 124.824554 62.6445 0.56378603 8.058434 0.56378603 274 0.0 485.46243 9709.249 -9.967964
760224fc-f2f8-4c4b-b73c-30471b6176ee 5 0 26 22 12.304898 68.78764 132.49902 0.46296296 7.8159266 0.46296296 250 0.0 624.7955 12495.91 -10.2419195
c419f4ff-b0a3-4d1b-b64d-c0c02aa9edd6 5 0 26 23 13.577606 329.71497 118.84407 0.27864584 5.8901777 0.27864584 107 0.0 4096.685 81933.7 -12.283656
8cb90909-74cb-4431-a0fc-36fa9017c008 5 0 26 24 13.833297 441.87256 288.3713 0.43209878 7.7634687 0.43209878 245 0.0 457.1089 9142.178 -9.902624
11e4f158-d3f2-4845-bfef-2d72ee49e9bd 5 0 26 25 13.0 350.69315 483.56516 0.47420636 7.699569 0.47420636 239 0.0 435.76093 8715.219 -9.850696
1cdbac00-9f83-44e1-9f07-c0183fd4109f 5 0 26 26 13.635199 329.66483 118.902855 0.26587301 6.3489523 0.26587301 134 0.0 3940.1392 78802.78 -12.241354
b2221dc5-314b-49f9-ad2e-588c3f846ff7 5 0 26 27 13.819828 74.442116 310.9969 0.475 8.16486 0.475 285 0.0 715.6283 14312.566 -10.389294
e55612e1-07a7-41ab-a7ac-bd19370ab3b8 5 0 26 28 14.204016 474.1977 34.203133 0.5041152 7.7634687 0.5041152 245 0.0 2939.825 58796.5 -11.923379
1d5e39fd-5cd0-4d10-bfa2-eba3f9739848 5 0 26 29 14.3505535 256.2085 324.45285 0.54444444 5.720173 0.54444444 98 0.0 634.25073 12685.015 -10.258227
0643897d-b09f-48fc-9499-849b1a0d5328 5 0 26 30 15.270231 86.621605 4.4501333 0.6015625 7.612684 0.6015625 231 0.0 3732.3455 74646.91 -12.182529
13c2df8e-52cc-410b-bed0-9b14fce68be8 5 0 26 31 15.384364 299.89658 120.39861 0.6074074 7.7740173 0.6074074 246 0.0 602.9769 12059.538 -10.203326
305a25bd-ef52-46a7-b626-2b88a97501ad 5 0 26 32 14.477044 256.134 324.08994 0.49382716 7.2556634 0.49382716 200 0.0 654.9055 13098.111 -10.293021
8fac4f35-b083-48d0-a93e-7463fd3e540c 5 0 27 0 8.244234 412.904 319.30566 0.646875 7.339344 0.646875 207 0.0 9132.0 182640.0 -13.15399
c9d3c9bc-4e65-4d1a-a55d-5b87931a1959 5 0 27 1 9.492175 170.3776 48.079494 0.41587302 7.939032 0.41587302 262 0.0 28396.0 567920.0 -14.385718
19e4fcc8-276b-425e-bc75-25fed838ca1c 5 0 27 2 9.656966 406.5127 294.89886 0.47325101 7.6016827 0.47325101 230 0.0 7378.0 147560.0 -12.922421
fe0369cc-d6da-4688-b882-48dabfd57e50 5 0 27 3 8.643684 440.48788 307.85782 0.54320985 7.489877 0.54320985 220 0.0 1813.0 36260.0 -11.398569
cfb0e2a3-8987-443b-8bd0-11b3ebd0b62f 5 0 27 4 9.55339 167.78595 326.61783 0.5537037 8.296422 0.5537037 299 0.0 705.0 14100.0 -10.373048
88371530-0681-482c-bb35-c993961d9ce1 5 0 27 5 9.956277 100.182365 331.465 0.5185185 8.249917 0.5185185 294 0.0 893.0 17860.0 -10.6297035
35295151-6d63-4ad4-956f-adca53576a7d 5 0 27 6 11.10294 74.57716 6.7898955 0.4925926 7.9792304 0.4925926 266 0.0 798.0 15960.0 -10.507583
48810600-b89d-42df-94bb-342a06319686 5 0 27 7 10.015057 418.51617 109.88249 0.5390946 7.939032 0.5390946 262 0.0 607.0 12140.0 -10.2105465
c2332a32-0bdc-4496-b4e6-3eed4930cd49 5 0 27 8 10.292754 268.30783 122.57941 0.53125 7.6888156 0.53125 238 0.0 636.0 12720.0 -10.261218
26ec73d4-aadf-4a9e-8265-ebb4037a172f 5 0 27 9 11.276238 494.12164 134.92737 0.5 8.019028 0.5 270 0.0 819.0 16380.0 -10.535785
743f16f7-1f5c-4449-a618-08cdf9a48712 5 0 27 10 10.398364 341.28134 176.60823 0.5949074 7.8882046 0.5949074 257 0.0 405.0 8100.0 -9.771213
56ecde54-1262-484f-88c1-2c48a3f831c3 5 0 27 11 10.778706 80.08583 183.12894 0.453125 7.291762 0.453125 203 0.0 1054.0 21080.0 -10.809676
4c24c630-2ac7-463b-9c43-e3be28080531 5 0 27 12 10.666756 285.6393 341.591 0.4409171 7.8159266 0.4409171 250 0.0 494.0 9880.0 -9.986893
e52d5db4-57a6-426f-be2b-c3ebf8fad3c9 5 0 27 13 11.470694 107.430405 427.7177 0.54761904 7.339344 0.54761904 207 0.0 60987.0 1219740.0 -15.215668
7ea67a69-1352-4563-9704-cc394600256f 5 0 27 14 10.332862 322.4359 507.28156 0.5 8.019028 0.5 270 0.0 6031.0 120620.0 -12.703548
7f8f932f-392b-41f3-8965-cdb37effbaff 5 0 27 15 13.258274 461.2843 8.236495 0.45285714 8.459672 0.45285714 317 0.0 548.0 10960.0 -10.099526
f5745519-2020-4266-910f-76677897b7be 5 0 27 16 12.784425 322.9473 11.0427065 0.5277778 7.5795846 0.5277778 228 0.0 360.0 7200.0 -9.643332
d89a278d-7f67-4b81-82f1-ed22f2516c65 5 0 27 17 13.837566 475.74835 32.602478 0.5578704 7.720987 0.5578704 241 0.0 12842.0 256840.0 -13.524157
e3e40627-c841-4714-9d75-1ba5d7d5cdd4 5 0 27 18 13.33762 129.84181 180.55988 0.5856481 7.847066 0.5856481 253 0.0 791.0 15820.0 -10.498016
f626194b-c52b-428d-b646-754074459968 5 0 27 19 13.077365 115.20743 187.73206 0.47619048 7.710293 0.47619048 240 0.0 962.0 19240.0 -10.710513
dd7507c8-8adf-4421-b14e-52a419c0de7c 5 0 27 20 13.988115 176.49124 231.8296 0.5677083 7.467111 0.5677083 218 0.0 655.0 13100.0 -10.293179
13db8481-213f-4531-ad11-3a6dc5a43558 5 0 27 21 12.790824 179.28265 244.8322 0.49801588 7.826334 0.49801588 251 0.0 699.0 13980.0 -10.363768
fbc500b7-3310-4117-a37b-80d86165c72c 5 0 27 22 13.541416 442.49182 288.7732 0.5572917 7.421159 0.5572917 214 0.0 5127.0 102540.0 -12.527233
a92b1937-466a-4c70-8b4a-84b106c77ef2 5 0 27 23 13.4367895 221.86317 300.76852 0.43055555 7.455676 0.43055555 217 0.0 470.0 9400.0 -9.932819
6aded5a4-99cd-43a2-899f-83905374f334 5 0 27 24 13.0 315.5167 374.9724 0.53125 7.3037157 0.53125 204 0.0 289.0 5780.0 -9.4048195
2c767a2c-2b52-48c3-ada4-2ec14c085d90 5 0 27 25 13.278647 210.28468 392.9173 0.4979424 7.7316513 0.4979424 242 0.0 6532.0 130640.0 -12.790191
4fac2f1a-9b7b-4332-af68-da3d0f1eef1e 5 0 27 26 13.12365 215.2457 451.13202 0.5265151 8.097459 0.5265151 278 0.0 581.0 11620.0 -10.163015
afe92d4a-fc02-413b-ada4-1ffb44c8250d 5 0 27 27 12.755959 155.20197 459.2048 0.42698413 8.009115 0.42698413 269 0.0 410.0 8200.0 -9.784534
616d3146-2cac-4d0f-b773-d5cdc08547dd 5 0 27 28 12.247339 117.24458 484.98837 0.5222222 8.13611 0.5222222 282 0.0 876.0 17520.0 -10.608835
51ee6cbd-eb91-41bd-b2f0-46e3c492dae3 5 0 27 29 15.577704 86.3499 6.678448 0.55413103 9.056985 0.55413103 389 0.0 9289.0 185780.0 -13.172498
9e97d08f-0cf8-4c47-8722-0d0cc8d8ab85 5 0 27 30 14.946614 19.134748 8.949977 0.4642857 7.6454973 0.4642857 234 0.0 1003.0 20060.0 -10.755827
77fb1766-3e5b-4cd0-a71f-1adcdcd806d8 5 0 27 31 15.703404 208.26463 15.123032 0.5555556 8.573769 0.5555556 330 0.0 416.0 8320.0 -9.800308
69355561-85c3-44d9-8a62-f18427abd50e 5 0 27 32 15.728019 107.20967 36.51852 0.515625 7.612684 0.515625 231 0.0 2792.0 55840.0 -11.867364
274eefdc-acdc-4d9c-8f3c-f2775d119a88 5 0 27 33 15.013538 459.79053 42.929646 0.5144033 7.8159266 0.5144033 250 0.0 489.0 9780.0 -9.975847
3b7018f3-8217-45ec-9943-246ea9d7d478 5 0 27 34 15.0265 448.7503 75.05081 0.59375 8.16486 0.59375 285 0.0 228.0 4560.0 -9.147412
a748cfc7-c8f3-4ac6-b6b8-dcdbf521b75d 5 0 27 35 16.26045 141.87878 122.49394 0.5566667 8.608272 0.5566667 334 0.0 1349.0 26980.0 -11.077605
8d62327e-9f86-4a38-9898-a547fe686b15 5 0 27 36 15.634992 301.3828 122.08322 0.52674896 7.87796 0.52674896 256 0.0 1673.0 33460.0 -11.311315
82c67139-d67d-40b1-9a7b-1e3cd2d4c425 5 0 27 37 15.351564 326.867 125.154495 0.5277778 7.5795846 0.5277778 228 0.0 9159.0 183180.0 -13.157195
8403c883-6805-4ffa-b57b-046dd30042b2 5 0 27 38 14.842277 84.493 161.23703 0.5113636 8.019028 0.5113636 270 0.0 865.0 17300.0 -10.595116
01a9509e-0d29-4df9-a71f-90310be69427 5 0 27 39 17.506725 415.78494 168.97806 0.53125 7.867689 0.53125 255 0.0 428.0 8560.0 -9.831184
ea501d47-5f15-4681-8479-c40031559337 5 0 27 40 15.367144 196.30939 239.70525 0.47089946 7.989217 0.47089946 267 0.0 769.0 15380.0 -10.467391
263ff2f7-f395-4bb6-be22-15461cdac883 5 0 27 41 14.4504 259.71863 389.43652 0.5277778 7.5795846 0.5277778 228 0.0 457.0 9140.0 -9.902366
cfb3b205-7c48-403e-ad4f-4a788906c545 5 0 27 42 15.199687 43.818047 413.4966 0.5740741 7.795028 0.5740741 248 0.0 1037.0 20740.0 -10.792022
0e1c92db-ceeb-4406-a599-b39382aefcdf 5 0 27 43 16.250612 182.06535 36.730896 0.44444445 7.710293 0.44444445 240 0.0 43478.0 869560.0 -14.8482485
8d901af3-e139-43f5-b8a3-582ffcb49033 5 0 27 44 16.492529 279.3719 254.65395 0.4702381 7.678032 0.4702381 237 0.0 751.0 15020.0 -10.441675
494f8a72-a2e0-46b6-a5ef-484c34035850 5 0 27 45 16.216232 219.2677 266.63333 0.5651042 7.455676 0.5651042 217 0.0 533.0 10660.0 -10.069393
876c6a16-d62f-42af-8af3-6780b9482a7f 5 0 27 46 17.599792 486.3576 89.89696 0.47736627 7.623653 0.47736627 232 0.0 1242.0 24840.0 -10.987879
9188eaba-edfe-4859-94e3-2cf3701771ea 5 0 27 47 17.179176 188.58083 340.53662 0.46707818 7.568487 0.46707818 227 0.0 584.0 11680.0 -10.168607
1efdaf68-d18f-4519-af7b-f54aa5a1654b 5 0 27 48 17.08011 478.52902 360.84854 0.41666666 7.0052657 0.41666666 180 0.0 684.0 13680.0 -10.340216
ba415714-ad08-49af-8ae2-aef0b6efa259 5 0 27 49 17.661074 486.32617 90.055305 0.3125 3.6278317 0.3125 25 0.0 762.0 15240.0 -10.457462
a0d6263c-0e60-4694-8447-c0e964faa465 5 0 27 50 17.905598 339.94394 104.30214 0.5802469 8.13611 0.5802469 282 0.0 536.0 10720.0 -10.075487
71c3827e-892c-41cc-976b-d39965c6cb35 5 0 27 51 18.269463 299.48782 132.68976 0.68333334 7.7740173 0.68333334 246 0.0 3036.0 60720.0 -11.958329
4abb5bc2-c3a4-4393-8d5c-50b65113ea35 5 0 27 52 19.0 478.20724 360.654 0.53125 4.0193896 0.53125 34 0.0 532.0 10640.0 -10.067354
79a9e48e-97bf-4f1f-8b4f-4c3a1ad49330 5 0 27 53 19.0 478.3745 361.01184 0.675 3.7221029 0.675 27 0.0 527.0 10540.0 -10.057101
ccde419b-98e2-4423-8e83-a812f4b908ed 5 0 27 54 18.284058 125.92555 365.3233 0.56222224 7.847066 0.56222224 253 0.0 1778.0 35560.0 -11.377404
