localize_2d/OUT/inhomogeneous/segmentedObjects/data/segmentedObjects_barcode.dat
# %ECSV 1.0
# ---
# datatype:
# - {name: Buid, datatype: string}
# - {name: 'ROI #', datatype: int64}
# - {name: 'CellID #', datatype: int64}
# - {name: 'Barcode #', datatype: int64}
# - {name: id, datatype: int64}
# - {name: zcentroid, datatype: float64}
# - {name: xcentroid, datatype: float64}
# - {name: ycentroid, datatype: float64}
# - {name: sharpness, datatype: float64}
# - {name: roundness1, datatype: float64}
# - {name: roundness2, datatype: float64}
# - {name: npix, datatype: int64}
# - {name: sky, datatype: float64}
# - {name: peak, datatype: float64}
# - {name: flux, datatype: float64}
# - {name: mag, datatype: float64}
# schema: astropy-2.0
Buid "ROI #" "CellID #" "Barcode #" id zcentroid xcentroid ycentroid sharpness roundness1 roundness2 npix sky peak flux mag
[from data line 226]
d3bd04c0-de92-49bf-b0cc-193149978122 5 0 27 48 nan 195.2206675798246 82.63758393550492 0.42618478545739175 0.2657965526362871 0.3020872631673978 25 0.0 277.3399239469601 1.0371777577241106 -0.039632986881206235
6c0a64c4-d901-4f39-9aac-1a22a425741a 5 0 27 49 nan 16.737585617539448 83.57532284182109 0.4412877873558846 0.3446195398920595 -0.09563922906699085 25 0.0 259.5865675471643 1.229113269219359 -0.22397976809939044
fe7feb10-1045-4990-99f4-39ca8d9bc953 5 0 27 50 nan 235.56432371587064 83.64324371182529 0.4269398086194683 -0.20868853051751576 0.1742513766382017 25 0.0 338.7397341069158 1.4071861062777964 -0.3708788462601772
f989159c-c06c-4a89-a1de-3cc09ce9cbd6 5 0 27 51 nan 306.8611247798347 84.87679808969413 0.4451829362116131 0.12870420227073298 -0.15912707779973453 25 0.0 1240.4788240735281 5.0550182950416565 -1.7593068293038303
33d67cdd-7f07-4107-bbf7-6cadb95f2e1d 5 0 27 52 nan 204.24498065039307 86.81824477497017 0.44544940003099026 -0.22424846206406387 -0.06384252744204785 25 0.0 364.4694496130155 1.0233675855783595 -0.025079142232722357
c398b5a0-937c-43f7-a1ed-356084370e59 5 0 27 53 nan 28.697481951938837 87.39449586392989 0.4112183932204252 0.4920210869799332 -0.3719551032833093 25 0.0 311.1320618496212 1.0031616171607953 -0.0034272672139999665
106540aa-025f-4ba3-897b-4c910b83e191 5 0 27 54 nan 289.9241650640177 88.13822165370705 0.46463158254139797 0.04323613407918482 0.03552012471552244 25 0.0 1052.3477795697893 5.186392311553848 -1.7871634119640325
1d588956-965b-4065-90de-e422fedc087b 5 0 27 55 nan 330.3960872276595 87.70815591025033 0.4084846651714952 0.788543475518293 0.3402813128425038 25 0.0 288.1529719218344 1.1173932260210713 -0.12051508551591578
058f68be-0cb9-404b-8388-e11e72d1d348 5 0 27 56 nan 486.3918121897562 89.97102731372698 0.4498037867137332 -0.11035458001280334 -0.0077772825007962 25 0.0 1044.6288890251533 5.84291497672292 -1.9165739167816902
f822b2df-8216-497b-b6f9-3291e3324ecf 5 0 27 57 nan 210.7304026705506 91.83153986375602 0.4375557464940408 0.10766602063182241 -0.05911095390799472 25 0.0 445.40689910442705 1.2892281116509272 -0.2758244168637115
f6ea2d25-843c-49fe-bccc-49677ba52890 5 0 27 58 nan 178.4675107934563 95.21164948639553 0.42657499122422327 -0.04716113697187257 -0.08768624132044203 25 0.0 221.67506742128404 1.1715430430568057 -0.1718956235374244
60551388-0eca-4d47-bcce-d8678f6083df 5 0 27 59 nan 35.608041522159 95.94131930985147 0.4679187060746783 -0.1775895061033205 -0.34691144948670816 25 0.0 337.1312577131877 1.29938041103148 -0.28434078804762986
3c1f3e53-5fca-43b8-8bd5-376289b674ee 5 0 27 60 nan 158.8782904791029 95.25648037374873 0.43595924442921224 -0.3824483917463314 0.02536563228823591 25 0.0 77.64350126882516 1.0566390682903801 -0.05981666075060513
30e263fb-6fd6-4376-8cfd-0534bd8e1428 5 0 27 61 nan 218.7247972917575 96.45076169890005 0.43943277753769944 -0.03256497303201517 0.04087561337185067 25 0.0 328.9395118398995 1.1482249482416202 -0.15006744709271763
1fe5f557-d77d-4901-9174-1acd033ad774 5 0 27 62 nan 206.11400025585309 96.37564773673508 0.4238401206278973 -0.5443491104747894 0.35682418795049664 25 0.0 363.5600846770193 1.0230282241577278 -0.02471903889151862
140328f3-21a3-493d-bc2b-ffd08d93d22e 5 0 27 63 nan 111.98048027155657 97.8390069079335 0.4035688475751546 0.7509469489736218 0.42988065018155275 25 0.0 391.72681542193413 1.1698361097819057 -0.1703125569232475
7cd0aa35-1358-434f-88da-fdb19839eb46 5 0 27 64 nan 242.61329270574984 97.87768670280175 0.41942944552395994 0.1833035523499646 0.30278556429320846 25 0.0 313.3558219264414 1.093941199192394 -0.09748494678378843
3ff6e786-d97b-4531-bb62-386704a35457 5 0 27 65 nan 21.233521193911162 100.60940456170316 0.4317138462943915 -0.13073022275102675 0.08062342696599324 25 0.0 515.3623441837788 1.8568957857244475 -0.6719688264538728
374dec5c-bca9-4f35-8d68-c70afe46b9c0 5 0 27 66 nan 5.448648245291227 101.58740682505506 0.41953738310943656 -0.0798328560944062 0.5728106414590985 25 0.0 555.8190958634675 1.9308072346366885 -0.7143472935726981
fa6d2908-ec93-4042-86d3-3ec13fdb597f 5 0 27 67 nan 132.31986644941054 103.37041930362936 0.3805267501195403 0.19213170255989245 0.5678757583002938 25 0.0 443.2509435113268 1.4428995025161524 -0.39809020919147553
6a96fd09-89ba-4acf-8be0-daf427c423ba 5 0 27 68 nan 305.7643469383338 102.57835351810633 0.42681044695721954 -0.24402715894257118 -0.17816834430964293 25 0.0 209.3055661834622 1.031262995920231 -0.033423586369815364
7b4b1f2b-8be6-4a54-aaf1-fcbea6300ce2 5 0 27 69 nan 442.0221970283215 102.86160710072934 0.4638743464410751 -0.43623693430058014 -0.05165907545637303 25 0.0 184.44765067956712 1.13841731508392 -0.14075373163165436
ec782f5b-adf9-4c92-bbc4-513cc2e5ec2f 5 0 27 70 nan 340.3556915130403 103.95096713984232 0.46975405858251884 -0.5364908498803883 0.09039299714488801 25 0.0 213.22487025317946 1.741145977808634 -0.6020879598138281
daabae15-8c6a-47ac-8976-a6425ab600e3 5 0 27 71 nan 6.686830122952214 104.11810275518363 0.455494042951981 0.5241560209751529 0.20620471979018595 25 0.0 512.3324293113226 1.3823112480996704 -0.3515146049053194
930b6af6-bd22-48e6-8a7a-3d9f2b4ca5b5 5 0 27 72 nan 30.4923098714088 109.08694929648125 0.4424772360811946 -0.1839549223059182 -0.24081391298632215 25 0.0 510.8241297579999 1.2626957094169577 -0.25324676189284934
f9fccd21-2338-4662-b04d-b73790c7edde 5 0 27 73 nan 111.65822383893395 108.67470283815759 0.42198331563828584 -0.2998041881311835 -0.5529280313812878 25 0.0 279.81499203162235 1.00762992803629 -0.008252645447457614
e24215ed-64ef-4d0c-baf4-c5579add8d6b 5 0 27 74 nan 150.9585589360386 110.67372560766526 0.4507033192437101 0.05186588104753454 0.20614296907537244 25 0.0 302.67607408553175 1.8733601189563067 -0.6815531762761928
f03c1201-2ef2-4419-8f8c-52702aad45d0 5 0 27 75 nan 489.07671783789107 110.67865272647781 0.5034629627111685 0.06780137248259044 0.0027530414559351966 25 0.0 752.2103159922057 1.9758214328999617 -0.7393692304234856
f184d56f-d786-4544-8db5-ff77d0754479 5 0 27 76 nan 419.0984751854545 111.30302697512126 0.43099120517748213 -0.22130441533700868 0.09602319896168213 25 0.0 330.3452506368548 1.2224996167635187 -0.2181218291261279
4433ef80-5d25-4667-9c39-b349347e9299 5 0 27 77 nan 37.265506162116836 113.97825103662223 0.47661350282966625 -0.005301576272985465 0.5359654348472547 25 0.0 495.89116207929624 1.384306325706683 -0.3530805086176517
15217864-b442-43bb-b2a0-06b80b7f00fe 5 0 27 78 nan 138.35090727088726 117.67201711644778 0.42019549480183654 -0.328829735068584 0.02745087236400342 25 0.0 872.011267244483 4.406738523460345 -1.6102932053607604
85d587b5-3af8-4cb4-b0d6-94ab0ed11624 5 0 27 79 nan 330.14809070948206 118.94929243930532 0.3870076455291896 -0.28578192005253883 0.7288485937839062 25 0.0 642.6227912290227 1.861620985057159 -0.6747281646888942
50a53001-6633-42cf-a8bd-6c53a17dfb8e 5 0 27 80 nan 301.4695445317669 121.96228970036535 0.4378939412397765 -0.25585529210945085 0.10940856366333068 25 0.0 1329.1399856972828 7.686737630457685 -2.2143551441363325
2c2ce132-7146-4f84-9814-89d1852992d8 5 0 27 81 nan 37.79232749008039 122.66963858385466 0.4429257775098917 0.1400763561443608 -0.26527906290060166 25 0.0 250.9933739032274 1.2968242007013335 -0.28220276627021307
498e5e93-b821-4266-b9b3-09226ee7ebee 5 0 27 82 nan 141.7891313963429 122.56031875430168 0.4278581433260359 -0.30883962658944814 0.03029785705131317 25 0.0 927.7972205623539 5.1079097279038965 -1.770608033430462
fca83937-8dfc-475c-8e43-d5c09cbcea8e 5 0 27 83 nan 268.4090373071119 122.49921633070848 0.44143315746207945 -0.29836307086592356 -0.05160235601929521 25 0.0 231.8723998030212 1.3226562058138405 -0.30361743488132764
76dd7b13-2494-4397-8849-1ccd7aed6385 5 0 27 84 nan 134.08754573927243 126.42780674254233 0.39376760394989346 0.19000416239903778 0.6377881881645826 25 0.0 237.81947247772086 1.0338917866374813 -0.036187713128872694
e59581bb-446e-4ee3-a8d1-a503edc7b3d1 5 0 27 85 nan 326.84722612975474 125.13723098425989 0.469804673645179 -0.16063441590443048 0.02604032059622002 25 0.0 9055.00576950632 60.91075802358637 -4.461735010632237
5f5606c3-e8f4-45e1-b64f-7932bb5e429b 5 0 27 86 nan 294.63618083630655 131.70026308554662 0.44264689805547197 0.14313846361335789 -0.3183543334448019 25 0.0 580.2337563436643 1.536367154863621 -0.466237535132284
0daee497-b884-4e4b-ae96-d542f1e57fec 5 0 27 87 nan 195.43260631802735 133.0075417875068 0.44707023458027706 0.09035100906492538 -0.5252799247715467 25 0.0 335.17988125223593 1.1271851888454925 -0.1299881838299583
b78e3989-7738-4608-abe6-5661fee83ab1 5 0 27 88 nan 299.71126888691066 132.59072930395817 0.48119677010059714 -0.09779735422837735 -0.021022796432916255 25 0.0 2854.9223109496547 16.909791498921376 -3.0703456317344235
8aea2207-fe2a-40e3-8840-d5f2a1ff4d8b 5 0 27 89 nan 85.51748469704623 134.1006859766314 0.42082156466458315 -0.06677927013700094 -0.05065253270174666 25 0.0 709.220623690882 2.3496870707710507 -0.9275250679275253
27d035aa-2792-4c20-b1c4-5c96783c1f10 5 0 27 90 nan 257.09930122382934 133.6485768392069 0.4219238364786504 -0.40024386809587537 -0.16642968577758288 25 0.0 375.0028361468672 1.2983038643599696 -0.28344087440118765
b8f3ff6d-25c3-47bf-9ff5-cd2526ccb519 5 0 27 91 nan 416.8719164548222 134.87968451799577 0.4475761655190542 -0.2375811504710571 -0.2485668981340364 25 0.0 342.6716935199369 1.0898836499910267 -0.09345034378749384
d68be6e1-b2f2-46b2-ba5b-84345ac738b5 5 0 27 92 nan 493.9655087491516 135.03891430449482 0.40715033828764513 0.3265256457907902 0.22399309835255535 25 0.0 562.7652971616675 1.7017333590457926 -0.5772287810182068
72480948-6ab3-4dad-9e83-6ba31f159b2b 5 0 27 93 nan 114.54860645691019 138.24795508698134 0.4509760352655729 -0.22173305597476456 0.2815913568788783 25 0.0 641.1838865463455 1.9416961211808113 -0.7204531576210105
a0772154-9917-4fcf-a91c-7e0567bfa2ff 5 0 27 94 nan 70.15626303594364 141.6469939108384 0.4168194590789374 -0.10173922786042686 0.470969519376652 25 0.0 269.3131087799465 1.3147353093423075 -0.29709581692591425
29de9a40-13c9-4c08-84cb-fd1df186e533 5 0 27 95 nan 92.9279015590185 143.3770819832796 0.4242030881563891 0.16565862073101958 0.05047815467882893 25 0.0 596.3746773449116 1.5752700202663323 -0.49338751953705606
9cd121db-0a92-484f-8209-5fff8ee187ff 5 0 27 96 nan 115.49082179788537 143.24016580424444 0.44082737432001345 -0.2598928916274787 0.13327112184953918 25 0.0 506.4574876313014 1.3124435756343034 -0.2952016033999149
3f7ada9f-3a16-408b-b486-f5a0b3aa6653 5 0 27 97 nan 258.6239458029857 144.7039658695548 0.4171205548719459 -0.11966016553568498 0.36296717786051963 25 0.0 461.0182080838683 1.3348577743118326 -0.31358748799298036
863f2fbb-0d4d-41cb-add4-89fbfd7c6ac1 5 0 27 98 nan 7.319867610325361 145.9432047369308 0.4234875176960817 -0.2722128409580568 0.2592367913691755 25 0.0 424.99252259765404 1.0766055172986382 -0.08014150280425769
b743d061-2267-47e4-9ced-ac9546935e27 5 0 27 99 nan 480.28187133947995 145.69064001089458 0.4511933100395474 -0.264463754261418 0.2195190558336497 25 0.0 251.054847083323 1.2303937986288236 -0.2251103338821955
c54d812e-f900-4097-8c39-eab94b0e528f 5 0 27 100 nan 323.35608730658083 146.74482508800446 0.4449386209600461 -0.047715719875082545 -0.020483149017171597 25 0.0 667.7456401449233 3.6426439622076905 -1.4035418117137923
9ba30e9f-1d49-43cb-ad1d-fa52b5e433a4 5 0 27 101 nan 86.90136518161651 148.1449605491565 0.4426198881753695 -0.35481122535126325 0.24748334480829243 25 0.0 313.8058519360005 1.0505198530087831 -0.05351066058575245
e331f233-c6f7-421b-9c5d-cd69ad30c93f 5 0 27 102 nan 398.2799455418096 150.3836483309624 0.4175208038866207 -0.16613936532744578 -0.25054936253474414 25 0.0 319.64147873780627 1.0689742925512336 -0.07241815278483295
e1e0c132-b532-4efc-acae-b7e40d752074 5 0 27 103 nan 7.12681189055957 152.6753767502659 0.4641007365744374 -0.007364841183996587 -0.03010861557514949 25 0.0 419.2574241482096 1.0640118115804549 -0.06736612270711673
8127846a-6755-4dbe-bc0c-aa9d8be8908b 5 0 27 104 nan 258.4450469016252 150.32164762030513 0.4236530848274835 -0.5241619938855455 0.746515147257143 25 0.0 356.7296747362444 1.0204513837172184 -0.021980797284104993
f1024583-16ce-4f12-af14-0f2a53c38d94 5 0 27 105 nan 210.34751093397415 154.85853538765164 0.4340307132005167 0.42616361648440676 0.09016935576807272 25 0.0 345.873570752848 1.2289449939062889 -0.22383111206239292
1cb385c6-9c98-4785-8505-ccc791d3baa2 5 0 27 106 nan 10.066748405931142 155.46365210827588 0.4255859425493539 -0.34485864563490065 0.02835324274186081 25 0.0 548.3428750413124 1.6280445299678112 -0.5291656986415822
dadc47f9-5ba0-4cc1-9187-ac8e4507e0bd 5 0 27 107 nan 247.60310733111157 157.3865580460511 0.4140487957582577 0.09646719281848988 -0.07071943841110849 25 0.0 455.43569965072425 2.117576650353291 -0.8145978488326956
cd6524e7-e3b5-4969-95f3-21c7dc77b050 5 0 27 108 nan 114.66563949202789 159.7928689337773 0.4438374019662481 0.2985743079893153 -0.23858774354476403 25 0.0 468.59365376859006 1.1206065080720469 -0.12363285090528468
29d8f405-6821-4655-868d-bdddf168586c 5 0 27 109 nan 67.07177192424442 160.72921802951234 0.429289762755516 -0.24349015168060278 -0.306259503191608 25 0.0 336.4731040381013 1.2428784567555422 -0.2360716507648272
8aff13e3-63c8-460e-9506-907fc222d53a 5 0 27 110 nan 84.57900982278963 161.32174020134818 0.43902930166870724 -0.1485664163417583 -0.42186961987684274 25 0.0 470.77891038885554 1.7248364365998698 -0.5918697948274897
924fe3e7-b605-4b89-ae22-329988f02644 5 0 27 111 nan 25.556972071181647 172.06290887120494 0.4336621560555777 -0.6662268139111135 -0.0674258614384968 25 0.0 356.8699538440949 1.406332922778901 -0.370220359693795
28dca1af-ceaa-4075-90ef-0310cdcd41e7 5 0 27 112 nan 118.46709870305713 171.64022149188926 0.41085454437663377 -0.0877352834030922 0.016685228991926638 25 0.0 526.1331054531281 2.0112329288965887 -0.7586559272083916
8a4caaeb-1f5f-4062-94a8-a25d1ce5ad72 5 0 27 113 nan 103.27191611978782 174.82920451048972 0.435598033992781 -0.2856856938844181 -0.8773630089456339 25 0.0 476.92070092639165 1.2012247555652027 -0.19906068455532802
a8a6e6ac-455c-4857-b5fc-2b6813d7e219 5 0 27 114 nan 66.83240017039324 176.79336673575645 0.3988673961361647 -0.4340471062339095 -0.16528218541046863 25 0.0 499.96905912012915 1.3496624819672933 -0.32556293874499964
ed0b7122-9d0a-40a4-b4ed-535794795b41 5 0 27 115 nan 26.932409185872796 179.0144621646018 0.38305290985361673 -0.413589869695499 0.5079135263947406 25 0.0 120.36966228389088 1.0331727624813516 -0.035432370882569814
ad296a9e-b6ca-4c89-8ad1-06c361a30763 5 0 27 116 nan 66.7871743083856 179.27384414110495 0.4496391740563685 0.16830074522322924 0.6175179684004852 25 0.0 498.5889208824468 1.4473733086061766 -0.40145139856131723
ef2fbc3f-6dd7-45fe-ac8e-2e5bac76c54c 5 0 27 117 nan 7.243489842301512 180.97346376940925 0.42391004357994416 -0.015624952104483393 0.3838358939243035 25 0.0 386.9678110493891 1.5180529973696755 -0.45321733414146037
dc098806-181e-4964-a08e-36418d03b5a7 5 0 27 118 nan 130.00939782254727 180.5855915084813 0.43765262783556486 -0.06449718954919241 -0.1605567968742797 25 0.0 377.513667134289 2.004834928505271 -0.7551965501329673
3c3d79ff-d4f2-4e79-9345-9ac7493f1679 5 0 27 119 nan 211.59205679124995 181.3835821370622 0.4243674099136426 0.6799017223171482 0.2526725294351099 25 0.0 533.768486497341 1.254126874457189 -0.24585368591258522
8573ffe7-5004-4971-aa64-8b21f37a99bc 5 0 27 120 nan 480.0322339780287 180.73287286246193 0.44867499691954693 -0.0020467824907181614 0.07158466615399248 25 0.0 2617.4161806828224 15.22305267083619 -2.9562543750357193
c52e4f13-c414-4993-88c6-9ba0b898a5e0 5 0 27 121 nan 79.90058831270008 183.06287247666032 0.40273811559482964 -0.6474170360253803 -0.06449221210901054 25 0.0 666.6720526396673 2.5297944128919414 -1.0077130727276593
d743cd1c-145c-4486-b290-708cd41ccc36 5 0 27 122 nan 403.59355168805126 183.1631044117177 0.4206114491516801 0.07080391809762263 0.556318487405603 25 0.0 331.366550559517 1.2983430045659154 -0.28347360579733466
