localize_2d/OUT/inhomogeneous/segmentedObjects/data/segmentedObjects_barcode.dat
# %ECSV 1.0
# ---
# datatype:
# - {name: Buid, datatype: string}
# - {name: 'ROI #', datatype: int64}
# - {name: 'CellID #', datatype: int64}
# - {name: 'Barcode #', datatype: int64}
# - {name: id, datatype: int64}
# - {name: zcentroid, datatype: float64}
# - {name: xcentroid, datatype: float64}
# - {name: ycentroid, datatype: float64}
# - {name: sharpness, datatype: float64}
# - {name: roundness1, datatype: float64}
# - {name: roundness2, datatype: float64}
# - {name: npix, datatype: int64}
# - {name: sky, datatype: float64}
# - {name: peak, datatype: float64}
# - {name: flux, datatype: float64}
# - {name: mag, datatype: float64}
# schema: astropy-2.0
Buid "ROI #" "CellID #" "Barcode #" id zcentroid xcentroid ycentroid sharpness roundness1 roundness2 npix sky peak flux mag
[from data line 76]
58b23284-d71c-42a0-bc9a-9030012bddfc 5 0 26 77 nan 437.3401585544358 193.36383520907734 0.43142805697435693 -0.2515848537501181 -0.2555388956619825 25 0.0 1040.3144653047948 2.041271403542275 -0.774751878797292
084f2584-6bd4-42b7-93d8-d99c5347c9fa 5 0 26 78 nan 109.46465264004524 195.13893941226542 0.4287798206111081 0.45830302866141664 -0.3832379981311885 25 0.0 152.6358821013667 1.0579746784648978 -0.06118818358022331
8c443cf3-9897-4fa9-a30e-8381f83820ff 5 0 26 79 nan 438.1876529369113 195.9137886925003 0.42422138265765474 -0.16300006136045608 0.9868050010694127 25 0.0 943.9679289986396 1.2832769509713426 -0.27080098485533305
675c6abf-e7d7-4d41-aab3-79ab3b2f0fcd 5 0 26 80 nan 117.97452091636316 197.04976835221703 0.3995790181648409 0.093673757230424 0.39592750342895205 25 0.0 448.7421063198346 1.8020591912732884 -0.6394226297890455
a3ed1da6-7829-4847-bffc-9732ddddbded 5 0 26 81 nan 226.69936512265576 201.2878353904906 0.42385168361781245 0.15103280350058318 -0.2732446744942887 25 0.0 214.82925441982331 1.0445219994611412 -0.047293978536063104
f14d3d59-b716-47b0-bc91-3923ba187ec7 5 0 26 82 nan 120.97714653652169 212.08104978210073 0.42348836195108425 -0.6985967562101874 0.09175944972520966 25 0.0 222.641998300953 1.265053651828049 -0.25527236160322664
1ef85e4b-3176-45c0-819e-110590268b2b 5 0 26 83 nan 442.4834812075738 211.95891532642804 0.41440834264328824 -0.24160624952265278 -0.3266245557434917 25 0.0 686.5724253643813 1.0686834781692713 -0.07212273814023129
ffc9a30a-4108-4f69-80ae-6b520ac6e635 5 0 26 84 nan 440.32381568293596 222.089264728941 0.4516679227437627 -0.5817046933139606 -0.1619472790249057 25 0.0 670.7331525589072 1.0745866411175966 -0.07810359317573612
9da56440-dde4-41ec-bd77-e9b736bb1b67 5 0 26 85 nan 414.7295710206263 225.86122693973877 0.41055889242595417 0.13348721535397753 0.7586785784572327 25 0.0 835.1418759540416 1.4855185355731209 -0.4296951877186177
b92d9f09-ebff-45b3-84ac-db1effa90311 5 0 26 86 nan 209.43078320434932 229.42043200497162 0.4417796251260635 0.05419183696426866 0.008303636382265698 25 0.0 441.15802513344215 1.3655500180481626 -0.3382690308057759
f37da36b-1c50-4dba-a4bd-5ea05d5f90c4 5 0 26 87 nan 412.7923759562119 228.56603062536834 0.4077301345960597 0.16322435619494746 0.2940632616128445 25 0.0 1033.061838363149 1.7571867003663826 -0.6120447688936475
20874c69-d5a1-46d7-8d6b-8556a05a5dc4 5 0 26 88 nan 268.2206651357802 237.96361764134582 0.43958646788476563 -0.7571066989885429 0.0045483783505968324 25 0.0 284.8558862429533 1.0649785899181519 -0.06835219226818627
a48d92dd-d969-4db2-bd00-6e76d3c9f27b 5 0 26 89 nan 335.7373517773617 239.30229032449498 0.43911188178654753 -0.23598585364834346 0.34803729966174046 25 0.0 351.7675057331992 1.3644867907414853 -0.33742333932250046
a32de9e4-fe51-4fbd-a38b-8698b8fc883c 5 0 26 90 nan 208.18326582366745 240.95414503800313 0.4304659338455361 0.27532358576885485 0.44318428720296626 25 0.0 134.0207778128937 1.0017203137278667 -0.0018662021311681625
693ff92f-37c6-4fbb-8823-a3acb06370f3 5 0 26 91 nan 170.77350643955936 242.72847468793157 0.42736363780088954 0.32606239114430224 0.3305889311664817 25 0.0 484.6980961374228 2.149781561583443 -0.8309858341861515
dd9faad9-26ab-4340-b3e6-641d5f6d8bc6 5 0 26 92 nan 51.944258308006766 247.3960261245204 0.4460612762893098 -0.11365284457241799 0.7666931525843779 25 0.0 398.4127044558663 1.0493493029002186 -0.052300195866637866
6fce20d0-2bd5-4332-9d3d-504ad795483a 5 0 26 93 nan 65.02335652177433 246.4433865457803 0.45249876957813573 -0.7323674501687137 0.13929502314526582 25 0.0 338.2033659988391 1.0121218327602135 -0.013081983114159566
4e0a14cd-acc4-4f79-9b13-e268f8ba1a08 5 0 26 94 nan 223.88832056873662 248.5770734786468 0.4419403448382256 -0.2783866061415727 0.04775287112242421 25 0.0 194.02880669022932 1.11265546069396 -0.11590175925524851
248893aa-cef0-4d88-b0d1-8e279e26e68b 5 0 26 95 nan 57.24358816595153 250.7537689223483 0.405594940380657 0.32776815993853825 -0.1967848823652975 25 0.0 713.0029119283847 1.8410873313219065 -0.6626859739917695
5a866084-ca27-4450-a73f-ed2c9be20a66 5 0 26 96 nan 65.05006858200876 250.34945027282637 0.3594572431680016 -0.1525649006472125 0.44712524284617366 25 0.0 372.16772175955896 1.007676914396102 -0.008303272767241231
2fb45c04-376d-4f4b-afb0-1b40cefa3baa 5 0 26 97 nan 105.43354506478248 250.77111736188297 0.41421356985125396 0.07268634745920143 -0.14836491175772176 25 0.0 486.6532562019073 2.0512912109287806 -0.7800682980708241
27b1de6d-62f4-4cff-9730-4adea331575a 5 0 26 98 nan 107.29496276315184 250.87047865720103 0.5243885723574567 -0.20846380758440025 -0.6591466192672972 25 0.0 355.9618903059789 1.0174927801769762 -0.018828340712618526
67aa0e31-5b21-47e0-b043-1b31b917ba26 5 0 26 99 nan 57.761618162351304 250.77120312148713 0.45819458394413987 0.1969430838957697 -0.24919539624793446 25 0.0 700.6752128901287 2.0289014803884 -0.7681523975704564
49d07d53-940e-466a-b8f6-cfa246a81da3 5 0 26 100 nan 54.50381158014097 258.179183436273 0.44925846154246396 -0.1655783610978593 0.36553914845680435 25 0.0 558.9302688306487 1.9057782168403647 -0.7001808965706695
c1d42525-07c9-48a6-99f2-425711fa5eaa 5 0 26 101 nan 70.76438178703478 256.52611126260723 0.4211655646322136 0.08941052967186408 0.611180148258777 25 0.0 256.67498837035396 1.1882949470820316 -0.18731062600635215
0b3e6447-e412-4484-ab43-5756b1a3d390 5 0 26 102 nan 163.4158098991851 256.99102487568837 0.49655434978057567 0.6597807424545539 -0.05661707091193682 25 0.0 145.13970040264422 1.0889307047437309 -0.0925006096168281
f58eb19d-664f-4a7c-8933-5c4dd96b5589 5 0 26 103 nan 53.40110241782028 259.8810326361345 0.45523470587649506 0.7384520488819646 -0.3954410187055654 25 0.0 729.9884125383828 2.249306858495259 -0.8801217687140532
65029520-b083-46b9-afcb-bb9c427acdcc 5 0 26 104 nan 159.26016024684782 264.59384393747007 0.44283929055864907 0.5805570395812124 -0.13285883630183326 25 0.0 314.41420185433157 1.2161355599544108 -0.21245496871273445
198afbd8-a070-4f1d-b061-d2d2ed8b3543 5 0 26 105 nan 51.31220205870837 266.79238513309787 0.4646498700705765 -0.8007499519092857 -0.5851144218281601 25 0.0 416.1864713933835 1.177832692691204 -0.17770901177848825
328dba3c-08df-46d6-ae46-22292bee96c1 5 0 26 106 nan 48.39783796304832 267.69667604096924 0.42407146392661316 0.23136259404380996 -0.3230667687887691 25 0.0 472.56744722758754 1.4942936536024167 -0.4360898799220183
24f056b1-9136-401c-b945-501ddb488ace 5 0 26 107 nan 63.77239484324589 274.124744568395 0.4163015245004826 -0.1723799283897192 0.08185886047290343 25 0.0 207.53832625681298 1.252356264320645 -0.24431973116955158
20fd5f5a-ab25-4d0a-adcb-5a1a189707df 5 0 26 108 nan 403.8708114789728 273.94196053473183 0.4588659513619846 0.3632183315803541 -0.14374567012837539 25 0.0 1084.4998016623217 1.0874568122111372 -0.09103004546707684
5ff9c1a1-3a12-470f-81fa-c4eb902eeeeb 5 0 26 109 nan 244.74907783964463 275.50376775400275 0.40778268207648294 -0.0016060268639382777 -0.46442115240350856 25 0.0 208.91277952649892 1.096670532107657 -0.10019043498322736
05238a8d-6cf1-4ac8-b660-4ce22ab75a99 5 0 26 110 nan 177.36191337287067 278.72851996774114 0.4463192961694347 0.3066634402596603 -0.283201857635001 25 0.0 196.9201437506769 1.0550372832635184 -0.058169517874592264
d0ab74fc-89a2-4d9f-b53f-f6609a487659 5 0 26 111 nan 408.668459913145 278.8618213347627 0.430235377222327 0.3929438700455514 0.6807331407979119 25 0.0 1135.575193880395 1.8108785901863176 -0.6447233353659781
85d46f7d-206c-4154-8dab-45d4f28d758c 5 0 26 112 nan 79.04688868087473 281.3760464675522 0.4052524575438417 0.14648941081643854 0.24268067285627232 25 0.0 214.68780133217115 1.1407855637513367 -0.1430100417384375
a7bb9acf-71d6-45f7-ad12-da77b094fbc5 5 0 26 113 nan 40.76093722413642 287.1090864560983 0.42827645420753746 -0.24360163623793535 0.28928557006916555 25 0.0 266.6499591691648 1.2593431939804725 -0.25036024850446525
af352458-a369-4b80-b0a1-552a0eb423ee 5 0 26 114 nan 441.81276066700997 288.67952030664736 0.43536274517953144 0.2553763906489112 0.058423717673140106 25 0.0 214.20118094577833 1.7515094522909662 -0.608531213493015
ee3e7a36-8c65-41a6-a318-56e153044920 5 0 26 115 nan 363.14396526192536 290.92085879851413 0.44500947221763226 -0.029299082653484743 -0.24975766608686203 25 0.0 171.20753436130917 1.0323519864740214 -0.0345694944880743
f50fab7e-1592-4b38-b26c-616c0efb47ff 5 0 26 116 nan 77.85834390281417 297.53776536955394 0.48178127303228874 -0.21523927388173975 -0.044908708671186084 25 0.0 286.8495248473295 1.9086339237336383 -0.701806596589031
187aedf1-5e52-4422-aa76-9fb940cb9d10 5 0 26 117 nan 499.0902087073989 298.0161686911622 0.40069124870467676 -0.16886533372906684 0.22336569418525395 25 0.0 204.4866279663378 1.0709344321364 -0.07440720501370349
e243a93d-1e87-47c2-96fe-a38ef4c898af 5 0 26 118 nan 42.74374403136384 300.524439361458 0.4706291464855811 -0.1674189752078864 0.02371437024472492 25 0.0 326.88259130090086 1.0970361680568397 -0.10055236503653395
900aa951-1481-4a24-ab08-a5d1a85454ef 5 0 26 119 nan 242.01838839474718 302.93319720841123 0.4604880100885053 0.197489155473256 0.0515342649057656 25 0.0 237.9814964613235 1.1760450052717994 -0.17605985445065364
b0970ea7-9df9-410e-80a6-42a9533878ba 5 0 26 120 nan 379.45743084917467 304.91094603288377 0.4150786125401243 -0.06407239138032207 0.44970886246023234 25 0.0 435.02795236497906 1.356551310259404 -0.33109056295706313
c5c37f02-7208-40e1-8e97-e92524ae1300 5 0 26 121 nan 440.6625528035017 309.3719803855087 0.492738280065008 -0.37321105694424417 0.1364317513922154 25 0.0 21974.094671831557 186.1499144313724 -5.674657102299387
c6963dcd-820b-4435-bfc6-c725789364dc 5 0 26 122 nan 33.672204558051746 310.3830858524818 0.43422943160069855 0.25568062755828214 -0.14276946023103868 25 0.0 263.37637627391587 1.1292625065747213 -0.13198727267138502
e8f4ab70-2a63-4eeb-a99e-1297a42766fd 5 0 26 123 nan 63.42509088932847 310.7670949894748 0.44805113462728813 0.19175102569394245 -0.32545484214832293 25 0.0 186.48733963790943 1.0639263062647581 -0.0672788680861081
6f0fd87f-dca5-4425-be1b-a02895e6ffd9 5 0 26 124 nan 74.7979320899269 311.14483313228385 0.4218727830871622 0.17824392918188195 0.3681235371727816 25 0.0 405.6482442748878 2.2223166372871757 -0.8670148440161556
6b6a350e-87ba-4e80-9d09-129322749f4c 5 0 26 125 nan 44.49854401119984 314.70639248126514 0.45846543148164165 -0.4200926092225091 -0.011212563379900894 25 0.0 400.54341720364914 1.8815686302617562 -0.6863001596165654
f58b428f-4b05-4270-baf4-10d367eab17b 5 0 26 126 nan 130.47718170054836 316.1599174852073 0.406211781917842 -0.4192357250031633 -0.22019598216023906 25 0.0 281.8153228776352 1.0403811888264396 -0.042981227747658994
978bc210-2ba9-479a-b489-895cb3aedbd1 5 0 26 127 nan 115.72517610399723 318.44479311295726 0.4166487008063149 0.7131876246371183 0.7268415998776697 25 0.0 394.03398066475535 1.1439767857933076 -0.14604302900929605
e2d9285b-7c72-4133-b6e4-c9e40f651092 5 0 26 128 nan 127.301398647773 319.0475029211065 0.4191364844186586 -0.23067375524193826 -0.05731393881774852 25 0.0 252.48518636402116 1.3020842037835085 -0.28659767574185646
e34393b2-0728-4c4b-a74e-3e2938907093 5 0 26 129 nan 224.95945446685485 319.08024153485974 0.4268152750685774 -0.1006766935415312 0.4652624447012208 25 0.0 373.5501903415812 1.4055033823680807 -0.36957973770465674
45731734-6505-4f3e-a476-1a5ad284e5d8 5 0 26 130 nan 410.71773419240014 319.7379567638305 0.4385684561349511 0.11589724980872204 0.09864942041982398 25 0.0 534.7274901340515 4.5298331357865065 -1.6402055108036708
a1901c7c-a2bf-495c-a621-f19996ed30c0 5 0 26 131 nan 203.89886918866335 320.5859251574125 0.460464291214566 -0.10628844214931403 -0.1128550256500797 25 0.0 304.88641400205654 1.923562901159725 -0.7102659811299883
23e6eac5-99f2-417e-967a-e1880e7356e0 5 0 26 132 nan 107.79786361119432 322.4518818794448 0.44136792362716964 -0.19602988038655786 0.10443576310517759 25 0.0 381.17009640006427 1.2936435147407965 -0.279536539149779
0211c411-41c8-4bab-bc22-f5b127ab722b 5 0 26 133 nan 368.55819896473594 321.41860632361426 0.4112969343238681 -0.32376025676485903 0.14366884779731845 25 0.0 270.33701234911354 1.20260452861711 -0.20030708731045135
f038efe7-87e6-4389-9700-7d442386d4b7 5 0 26 134 nan 256.3749397088025 323.90355944380326 0.4402222279827984 -0.23267752547728235 -0.12314638533551626 25 0.0 433.44441629076147 2.1722992609247416 -0.8422991361036626
12532ef7-5777-48be-8fc9-4fed28846f8c 5 0 26 135 nan 9.19102403822537 331.3969442386231 0.24335624211211737 0.6160782680881182 0.7004703451967843 25 0.0 419.40334310933105 2.8729617241950165 -1.1458246000637304
ccbc096f-b44a-4467-97c7-321ae11d4fcf 5 0 26 136 nan 11.705026358660623 331.2085461906198 0.4334380306670013 -0.10922806591579155 -0.33811593493181014 25 0.0 806.6519785653303 3.0517155444564734 -1.2113601246239736
f5f0e7d7-49c5-430f-8b46-c2d091e3fc69 5 0 26 137 nan 250.37705580450054 333.3670453330526 0.43411973116483865 -0.16725153993233216 -0.04474040181604233 25 0.0 231.06845156464087 1.235831145049319 -0.22989783994242494
e85d0361-fe4f-490c-985e-7e6b64554211 5 0 26 138 nan 495.4057344010388 334.0682652821667 0.4203919521777324 -0.25869840042765707 -0.14297614260834532 25 0.0 173.59053322297558 1.0360067133481474 -0.038406424142265805
01434e45-48e6-4930-8540-cb5b2bface1c 5 0 26 139 nan 285.4340548736705 341.9880783072444 0.4545037362565767 0.1265853460360982 0.41853743003775945 25 0.0 195.38232966034843 1.0630501765913343 -0.06638440990289211
f0fc9204-f40b-4168-9600-3bcd8f2e358d 5 0 26 140 nan 322.7985746235315 343.6446172148009 0.44351711983083475 -0.4232937462099149 0.12497644893011019 25 0.0 226.98728620498085 1.4561641221558772 -0.40802581609934746
af245d6e-9af0-43b3-99e1-9e4ddac6461e 5 0 26 141 nan 507.7397572383211 348.93410189646585 0.44483790279308444 0.25629039334463055 0.11782051360362923 25 0.0 226.12069877631288 1.0728228703145026 -0.07632005795504776
493f8769-dfcb-495b-adf5-331b5a928e99 5 0 26 142 nan 46.74322817897071 350.9371839163977 0.4035544731352968 0.2999917378207472 -0.002139885923548494 25 0.0 433.2753030737536 1.6771417675036397 -0.5614244368406273
c88906db-9d13-410b-b071-e9a98216479c 5 0 26 143 nan 146.03329597678353 355.60926190261824 0.4188324579403997 0.43042589535026105 0.26051270790356573 25 0.0 216.1040672001795 1.1277208919328827 -0.13050406540292572
25cc115a-c3f1-4d69-ba25-4868eabbd497 5 0 26 144 nan 19.276317671997273 357.68861426024387 0.4379402988717732 0.18848894076810266 -0.06640220152738951 25 0.0 178.7235702132799 1.0489099819312528 -0.05184554596523279
bae5f7ba-4a89-4529-addd-3b5bec86a6ff 5 0 26 145 nan 408.8792157375666 359.02122291639785 0.41285164820187986 0.044255948936921134 -0.01763223092619689 25 0.0 327.2165579065263 1.1108880763924163 -0.11417576334285306
bd3c0362-f22f-4a68-8ecf-b3666a4d7195 5 0 26 146 nan 477.79300577614606 359.9668612271088 0.41575117861393246 0.5081150768997158 0.1863842893200393 25 0.0 471.55132136208283 1.9534050112811645 -0.7269807438169953
43b7c332-8121-45f3-ae2f-cd41d1b8a90d 5 0 26 147 nan 148.8575022407007 361.70068421159425 0.4321297073361056 -0.4177368079406516 0.16057553435750757 25 0.0 275.85165520792987 1.0997111478199633 -0.10319656884671546
09856026-0b54-49e7-b2b0-388cc68117e3 5 0 26 148 nan 225.7080636391456 363.2730398701805 0.47400324018722834 -0.28901224912984086 0.07531573662175657 25 0.0 1113.5141103715357 7.8934293456705955 -2.2431643148445204
088015be-04c2-4b19-9466-a95292dce332 5 0 26 149 nan 122.58399919016577 363.05113015512126 0.43655354745018704 0.25710187413457586 -0.4084209593188798 25 0.0 361.1988550273338 1.4580021337098081 -0.4093953988741584
8625772d-35af-46b9-bce9-879644f7a7af 5 0 26 150 nan 211.06124719833306 363.52678960038367 0.4673416146010107 -0.05185272520034822 -0.07049027586136696 25 0.0 6262.151087246623 47.64830803246316 -4.195118709171904
