resources/small_dataset/OUT/segmentSources3D/segmentedObjects_3D_barcode.dat
# %ECSV 1.0
# ---
# datatype:
# - {name: Buid, datatype: string}
# - {name: 'ROI #', datatype: int64}
# - {name: 'CellID #', datatype: int64}
# - {name: 'Barcode #', datatype: int64}
# - {name: id, datatype: int64}
# - {name: zcentroid, datatype: float32}
# - {name: xcentroid, datatype: float32}
# - {name: ycentroid, datatype: float32}
# - {name: sharpness, datatype: float32}
# - {name: roundness1, datatype: float32}
# - {name: roundness2, datatype: float32}
# - {name: npix, datatype: int64}
# - {name: sky, datatype: float32}
# - {name: peak, datatype: float32}
# - {name: flux, datatype: float32}
# - {name: mag, datatype: float32}
# schema: astropy-2.0
Buid "ROI #" "CellID #" "Barcode #" id zcentroid xcentroid ycentroid sharpness roundness1 roundness2 npix sky peak flux mag
428ecd10-d49f-4d28-a072-220c519d4a24 5 0 26 0 8.603487 434.07947 314.40048 0.5095238 11.267505 0.5095238 749 0.0 21869.0 437380.0 -14.102147
af86e455-7aa7-4fe8-8ad0-a3fe3378bd80 5 0 26 1 7.03502 219.12506 368.5051 0.57653064 5.998278 0.57653064 113 0.0 1382.0 27640.0 -11.103845
a3e70d1e-5ddb-4631-bfba-1b2b1fd1d47d 5 0 26 2 9.125524 198.5571 390.73935 0.49375 12.188116 0.49375 948 0.0 17144.0 342880.0 -13.837855
85908a17-f8d1-4821-a32f-c4974e814c05 5 0 26 3 7.5337105 311.93323 497.1591 0.52623904 11.130453 0.52623904 722 0.0 16743.0 334860.0 -13.812159
26829c5a-03a8-429f-9c2f-1d7fdf4ab062 5 0 26 4 9.588417 168.83897 42.188904 0.6333333 4.774839 0.6333333 57 0.0 1261.0 25220.0 -11.004363
fb5d0ec5-abb9-458a-8409-6352da016770 5 0 26 5 9.653694 260.78787 243.98427 0.4330357 5.7006497 0.4330357 97 0.0 522.0 10440.0 -10.046751
ba166a06-c9a3-4347-ab98-000aafe6406d 5 0 26 6 8.995777 46.643272 252.95947 0.6666667 5.680992 0.6666667 96 0.0 789.0 15780.0 -10.495268
d3f51d1a-97d2-4abc-a854-41fbeb4ab752 5 0 26 7 9.372331 46.898304 264.6145 0.36805555 4.6604276 0.36805555 53 0.0 972.0 19440.0 -10.721741
2cbc2316-d9a0-44eb-b6a2-befd91797e5e 5 0 26 8 9.847489 35.678387 318.41025 0.5371901 7.9187794 0.5371901 260 0.0 596.0 11920.0 -10.190691
d53c3944-cef9-42cb-b41a-37f4898d0873 5 0 26 9 8.292575 404.11392 324.87973 0.42 4.31271 0.42 42 0.0 781.0 15620.0 -10.484202
b062d24a-8138-4ec4-8a97-16d3ee5750f9 5 0 26 10 7.5069757 317.16785 406.08472 0.5510204 5.3682013 0.5510204 81 0.0 686.0 13720.0 -10.343386
368d0f33-7dd7-48eb-930b-8173f5f7343a 5 0 26 11 8.658445 72.14822 411.59485 0.5873016 5.20888 0.5873016 74 0.0 637.0 12740.0 -10.262923
761eda31-2ea7-4576-9b00-75a7967a2973 5 0 26 12 8.145669 146.91992 427.50287 0.53571427 5.5600834 0.53571427 90 0.0 2255.0 45100.0 -11.635442
62f8611a-bd42-4920-bf3a-0811556086d0 5 0 26 13 8.533603 341.6561 475.66418 0.5222222 4.477474 0.5222222 47 0.0 448.0 8960.0 -9.88077
bc62bc5c-3149-4814-9608-f12f5b1f24dc 5 0 26 14 10.159859 458.58118 14.957837 0.5654762 5.6611977 0.5654762 95 0.0 564.0 11280.0 -10.130773
00661493-e156-4bc4-99c4-a20f93a37417 5 0 26 15 9.383304 164.08443 54.48015 0.47407407 7.157602 0.47407407 192 0.0 4050.0 81000.0 -12.271213
386a6c0c-8f3d-4c9a-8389-534d51faeb63 5 0 26 16 9.595871 32.74956 68.35862 0.52678573 6.0854745 0.52678573 118 0.0 1100.0 22000.0 -10.856057
56b41e42-11e4-4be6-9809-4f84093df07d 5 0 26 17 10.46454 211.1565 82.49829 0.7037037 5.2553906 0.7037037 76 0.0 746.0 14920.0 -10.4344225
e6b919ed-82f3-4bbc-8ff8-136e2cda1f94 5 0 26 18 9.344526 315.7559 106.10896 0.39571428 8.087737 0.39571428 277 0.0 10670.0 213400.0 -13.322986
611a4a8d-ab7f-41b4-843a-63372d779d97 5 0 26 19 10.535872 499.92172 148.64711 0.41 4.2782063 0.41 41 0.0 467.0 9340.0 -9.925867
ea73a67a-96f2-4a4a-ad3c-c960ce75b988 5 0 26 20 9.598437 46.865574 265.00073 0.2857143 3.93898 0.2857143 32 0.0 1029.0 20580.0 -10.783613
89f8184e-c4d0-459b-acc3-ce8b6f172e37 5 0 26 21 10.9084835 35.230553 291.23395 0.66 3.979591 0.66 33 0.0 599.0 11980.0 -10.196142
ef5552a0-2a3d-4915-9a01-716b3096ef1a 5 0 26 22 10.514968 36.26032 305.34055 0.43333334 4.6309304 0.43333334 52 0.0 646.0 12920.0 -10.278156
44320ef5-69b2-4c79-8b03-da2eccf4c1ab 5 0 26 23 10.92536 100.5503 433.29514 0.40565416 10.562389 0.40565416 617 0.0 18508.0 370160.0 -13.920974
e6817f55-89b1-40e2-8e2e-2ff9e6ed2696 5 0 26 24 10.949676 282.57138 482.34308 0.475 6.3331194 0.475 133 0.0 536.0 10720.0 -10.075487
df7e3b0d-aaba-431b-a798-6973504a1867 5 0 26 25 9.877818 314.7321 509.0 0.45185184 6.1534743 0.45185184 122 0.0 3438.0 68760.0 -12.09334
a0575502-48a1-445b-81ce-69ca5702dbed 5 0 26 26 14.202979 467.65338 39.256363 0.50510204 5.7395635 0.50510204 99 0.0 2839.0 56780.0 -11.8854885
d419092f-3ed9-4f54-80cb-d426d47023c0 5 0 26 27 13.579019 323.17325 123.89467 0.45357144 6.2364154 0.45357144 127 0.0 4285.0 85700.0 -12.332452
6ff40dec-daa3-4424-aac6-5b931899df05 5 0 26 28 14.1673765 111.706696 201.96556 0.6666667 4.243138 0.6666667 40 0.0 756.0 15120.0 -10.448879
57a2d3e4-3250-44ec-b894-5855a7d77e5a 5 0 26 29 14.409728 249.4342 329.2535 0.39814815 4.346669 0.39814815 43 0.0 671.0 13420.0 -10.319382
f8f7ffe8-7cf1-4758-a2b2-7ff2d4c07857 5 0 26 30 15.270371 80.07942 9.505226 0.55803573 6.203505 0.55803573 125 0.0 3775.0 75500.0 -12.194867
7e41008a-68d4-45ad-8c91-02131e5c7420 5 0 26 31 15.3845 50.990574 255.61409 0.52 4.2074795 0.52 39 0.0 1019.0 20380.0 -10.77301
940c5a96-a2e4-4caf-aedc-a081e82b2300 5 0 26 32 15.863993 380.11374 284.60016 0.5733333 4.346669 0.5733333 43 0.0 488.0 9760.0 -9.973624
b22ee8af-42a1-4271-bd26-f2fd6414a414 5 0 26 33 15.498871 363.89075 231.91324 0.552381 4.8026004 0.552381 58 0.0 403.0 8060.0 -9.765838
4c7164b7-f418-4429-a655-5c7e86739d3d 5 0 26 34 16.631632 4.760859 336.50165 0.4955357 5.9626794 0.4955357 111 0.0 1145.0 22900.0 -10.899589
f0d69990-6162-4fa0-b12b-3a467b5c99d0 5 0 26 35 16.420681 153.4676 444.57956 0.28333333 3.1901915 0.28333333 17 0.0 1040.0 20800.0 -10.795158
07128d9f-16e7-485b-94bb-dd01e7d833ef 5 0 26 36 16.690159 342.28262 41.058537 0.5092593 7.489877 0.5092593 220 0.0 4791.0 95820.0 -12.45364
27233fa6-a349-422b-b884-ff84e99e02ae 5 0 26 37 16.55127 153.68008 444.54797 0.37333333 3.767499 0.37333333 28 0.0 949.0 18980.0 -10.695741
48f57bb6-f4ca-42db-8153-f7c3bdf3e4c9 5 0 26 38 18.010284 163.67024 40.77007 0.46153846 10.103342 0.46153846 540 0.0 59294.0 1185880.0 -15.1851015
cbf591e0-b433-4715-82cf-f8cbc5645abb 5 0 26 39 17.71831 478.67273 97.76646 0.5223214 6.0682354 0.5223214 117 0.0 1555.0 31100.0 -11.231901
a8b01869-5164-4881-8576-3a9824370242 5 0 27 0 8.245153 406.3272 324.3079 0.5314815 8.183914 0.5314815 287 0.0 8749.801 174996.02 -13.107571
0c2ca5db-fe8f-4324-ae55-47be252def82 5 0 27 1 9.182356 399.8012 21.188007 0.42857143 4.85718 0.42857143 60 0.0 682.4894 13649.788 -10.337814
03159544-09c4-4d6a-8c12-efb496dbc502 5 0 27 2 9.487392 163.79718 53.075897 0.4990476 11.450066 0.4990476 786 0.0 29063.768 581275.4 -14.410954
9003a440-9827-4194-b8e9-56f2b0c9d160 5 0 27 3 9.234499 78.96509 139.15274 0.53333336 3.93898 0.53333336 32 0.0 1125.789 22515.777 -10.881217
05ec9e70-4477-4f33-bf93-d16bbfe44d7c 5 0 27 4 9.735231 51.701954 221.64127 0.33333334 4.962804 0.33333334 64 0.0 730.37244 14607.449 -10.411436
51b0460b-e144-4557-9feb-92629f54ca23 5 0 27 5 7.902036 47.365067 250.61615 0.4625 4.1342907 0.4625 37 0.0 1325.5594 26511.19 -11.058573
17bfe016-2079-484a-9d95-e67f75c55569 5 0 27 6 8.633867 47.311874 251.80893 0.36666667 6.317207 0.36666667 132 0.0 1294.1766 25883.531 -11.032558
2602ec85-2ada-4bd9-a7bc-48633f04d257 5 0 27 7 8.6371155 433.90594 312.8533 0.45833334 5.0139704 0.45833334 66 0.0 1893.1676 37863.35 -11.445548
07bdc599-d68e-4874-8796-e190945ec237 5 0 27 8 9.423615 36.33984 318.19583 0.43055555 4.91056 0.43055555 62 0.0 849.21564 16984.312 -10.57512
118a3424-b46f-4da1-ab2f-308f6935ad40 5 0 27 9 9.602961 501.1093 348.05173 0.48958334 5.641264 0.48958334 94 0.0 571.7762 11435.523 -10.14564
ef389434-1abf-414b-8ba1-543484a9bfc4 5 0 27 10 7.160381 220.4285 369.69318 0.45918366 10.636057 0.45918366 630 0.0 20694.96 413899.22 -14.042236
abe3ea29-833c-4e4d-98af-d00f661ea4db 5 0 27 11 8.400181 316.43622 404.6007 0.63492066 5.3460183 0.63492066 80 0.0 1034.269 20685.38 -10.789159
c599760b-cc3b-4499-b520-257e45a381f2 5 0 27 12 7.459193 148.56964 424.99225 0.5231481 9.521673 0.5231481 452 0.0 8126.403 162528.05 -13.027321
927805ec-3880-4c20-a351-36216788fb30 5 0 27 13 9.148938 333.1286 446.7938 0.46666667 4.0584154 0.46666667 35 0.0 793.535 15870.7 -10.501491
dd70db22-cc18-4950-ba6b-589d2c21a462 5 0 27 14 10.12176 315.70752 509.0 0.62916666 6.6068244 0.62916666 151 0.0 4720.285 94405.7 -12.437495
b3058d9b-c5c2-40cc-b3ef-04b86b1179b3 5 0 27 15 10.03401 47.651363 264.91827 0.45555556 4.2782063 0.45555556 41 0.0 1353.3306 27066.611 -11.081085
e951e51c-645b-43d6-bcb1-3f8371809b8b 5 0 27 16 9.658515 399.92847 299.90012 0.40917107 7.623653 0.40917107 232 0.0 7653.1235 153062.47 -12.962172
da6944f1-fc1b-4056-b2da-86c976077deb 5 0 27 17 10.065778 149.54759 376.56027 0.52 4.2074795 0.52 39 0.0 1015.7495 20314.99 -10.769542
4b5ed4d5-8ded-47b1-ae31-6c504360592b 5 0 27 18 11.470906 100.8485 432.71994 0.38577777 11.835148 0.38577777 868 0.0 60070.82 1201416.4 -15.199234
2fb8e9f3-1699-42f6-ab80-2e501a86c30c 5 0 27 19 10.621168 282.2754 482.16705 0.5297619 6.9792237 0.5297619 178 0.0 898.45044 17969.008 -10.636311
a632b84b-7b32-47e1-a5b6-e81ae83dfc1a 5 0 27 20 13.208306 136.85365 10.123892 0.44444445 4.7467513 0.44444445 56 0.0 631.9085 12638.17 -10.25421
82bc9d8d-d47f-4f19-8036-8bdd72b3eaa3 5 0 27 21 12.038673 111.33761 202.2912 0.4 4.0967045 0.4 36 0.0 954.70404 19094.08 -10.702247
3f76060a-a8c6-484c-af50-109ac6c50cb4 5 0 27 22 13.212835 203.76627 397.74832 0.575 4.445491 0.575 46 0.0 5501.207 110024.14 -12.60372
041398a1-db11-42c6-b701-82f132b65e9c 5 0 27 23 13.282055 203.6907 397.9235 0.22135417 5.455151 0.22135417 85 0.0 6596.4976 131929.95 -12.8008585
fcde9f85-0717-43d0-bdb3-74497aebc7cd 5 0 27 24 12.151713 178.84991 407.52402 0.6 4.6895556 0.6 54 0.0 767.9127 15358.255 -10.465855
387c2326-5ebd-4af8-b8a6-6313bdb048a2 5 0 27 25 15.577189 79.59181 11.738045 0.48979592 10.602183 0.48979592 624 0.0 8800.738 176014.77 -13.113873
b09e842a-c390-40ca-a830-a3dc22176bf4 5 0 27 26 13.242474 454.7463 13.212052 0.51111114 4.445491 0.51111114 46 0.0 550.2176 11004.352 -10.103911
ea5bc6c9-1e7a-4014-b489-8f6fe6b9e44c 5 0 27 27 13.902082 469.1586 37.7039 0.48559672 7.6672177 0.48559672 236 0.0 12965.598 259311.95 -13.534556
7e6a95c2-7993-411e-8897-f6c9872d0ede 5 0 27 28 16.068333 175.53738 41.5024 0.3947591 9.625857 0.3947591 467 0.0 39629.027 792580.56 -14.747608
d85e2721-cf2e-4fea-bfdc-af3eed9efc15 5 0 27 29 14.06874 230.9335 60.54998 0.5925926 4.962804 0.5925926 64 0.0 1095.9596 21919.193 -10.852061
64c3b798-5881-430c-903d-df267825078b 5 0 27 30 15.351073 320.28952 130.15785 0.44125 8.768501 0.44125 353 0.0 8820.08 176401.6 -13.116257
abdb70e4-953d-4baf-840e-0e1159d41c13 5 0 27 31 13.542426 435.90756 293.77377 0.4675926 7.279769 0.4675926 202 0.0 5373.544 107470.875 -12.578227
8f404f42-7059-4d3c-b33e-737868fb59dd 5 0 27 32 14.41198 113.51548 365.1856 0.45 4.0967045 0.45 36 0.0 976.5322 19530.645 -10.726791
cc84a40a-a346-4e8c-8a40-e5e8c771077e 5 0 27 33 13.277714 203.70284 397.91647 0.30416667 5.1853104 0.30416667 73 0.0 4856.7793 97135.586 -12.468446
ba132490-6161-4114-8fe8-3003c42eb25d 5 0 27 34 15.64658 21.829752 328.7742 0.36666667 3.476493 0.36666667 22 0.0 911.28656 18225.73 -10.651712
3394b5f8-53bd-45e9-b06d-4ec8b987b395 5 0 27 35 16.31827 4.5274954 337.84454 0.4 3.578801 0.4 24 0.0 873.2337 17464.674 -10.605401
87902d52-c662-4841-976c-8423f12fc9f6 5 0 27 36 15.422905 3.9569075 344.80048 0.25333333 3.3106885 0.25333333 19 0.0 1005.7982 20115.963 -10.758852
66f7aadd-da8e-4beb-9788-ef015392bae3 5 0 27 37 15.424215 3.8914025 344.99835 0.6296296 3.1901915 0.6296296 17 0.0 1033.467 20669.342 -10.788317
c0c181d4-7bb1-4980-ac2d-c84966f961eb 5 0 27 38 15.730672 100.62991 41.51812 0.46666667 5.433674 0.46666667 84 0.0 2696.613 53932.26 -11.829621
cf98263f-512e-41c8-bef8-a173ea4128b9 5 0 27 39 16.264648 135.33157 127.48872 0.4888889 4.3801064 0.4888889 44 0.0 1356.3811 27127.623 -11.083529
251ae23f-fc32-44f9-a1f7-0230c4f06506 5 0 27 40 15.637391 294.81216 127.08634 0.48809522 5.3902025 0.48809522 82 0.0 1704.627 34092.54 -11.331649
4c8b2bb3-bbf9-45ee-ab49-c734066d01d4 5 0 27 41 15.886313 205.51953 187.51521 0.5555556 3.3677807 0.5555556 20 0.0 911.7293 18234.586 -10.65224
e6e705b0-2370-48e7-8093-59c6357fd3fe 5 0 27 42 15.99989 205.48592 187.14305 0.3265306 4.5090065 0.3265306 48 0.0 949.9784 18999.568 -10.696859
796303fb-2b40-403c-958c-d07d3fd26c44 5 0 27 43 15.0 4.2578783 337.29752 0.42222223 3.3106885 0.42222223 19 0.0 902.1921 18043.842 -10.640822
730986cf-7664-4109-9f71-5c61daf98cbb 5 0 27 44 15.687062 25.415567 371.523 0.37777779 4.0193896 0.37777779 34 0.0 890.7646 17815.291 -10.626983
d3980d7c-575d-4156-81da-9a85bf3dd0d3 5 0 27 45 17.59698 6.2838755 331.54428 0.41333333 3.897514 0.41333333 31 0.0 937.8883 18757.768 -10.682953
cc50638f-7504-4128-9cef-9f74b39b7642 5 0 27 46 17.60386 479.78036 94.89812 0.51785713 5.4976053 0.51785713 87 0.0 1287.548 25750.959 -11.026983
5f6f5085-4a04-4f5b-bbb0-68145f39c443 5 0 27 47 17.881863 292.82187 137.47417 0.5409091 7.6888156 0.5409091 238 0.0 2993.195 59863.9 -11.942912
