resources/traces_dataset/IN/segmentedObjects/segmentedObjects_3D_barcode.dat
# %ECSV 1.0
# ---
# datatype:
# - {name: Buid, datatype: string}
# - {name: 'ROI #', datatype: int64}
# - {name: 'CellID #', datatype: int64}
# - {name: 'Barcode #', datatype: int64}
# - {name: id, datatype: int64}
# - {name: zcentroid, datatype: float32}
# - {name: xcentroid, datatype: float32}
# - {name: ycentroid, datatype: float32}
# - {name: sharpness, datatype: float32}
# - {name: roundness1, datatype: float32}
# - {name: roundness2, datatype: float32}
# - {name: npix, datatype: int64}
# - {name: sky, datatype: float32}
# - {name: peak, datatype: float32}
# - {name: flux, datatype: float32}
# - {name: mag, datatype: float32}
# meta: !!omap
# - comments: ['', filtered]
# schema: astropy-2.0
Buid "ROI #" "CellID #" "Barcode #" id zcentroid xcentroid ycentroid sharpness roundness1 roundness2 npix sky peak flux mag
[from data line 5923]
e36f235a-96e9-42a9-9e0d-6e7584ceb220 5 0 9 269 15.361187 504.6662 1141.9498 0.46833333 8.126482 0.46833333 281 0.0 537.9098 10758.196 -10.079349
37cdf80f-5241-42a9-925b-22fdd1f4aaa1 5 0 9 270 15.335233 1218.9044 1184.2465 0.53125 7.3037157 0.53125 204 0.0 10027.536 200550.72 -13.255561
c5147d13-0238-4148-897e-098d3aa512ec 5 0 9 271 14.835899 1144.0323 1189.9543 0.43849206 7.5012083 0.43849206 221 0.0 463.90558 9278.111 -9.918649
af36c966-c6d7-49ff-96cf-d934ac734cd6 5 0 9 272 16.968218 1127.5505 1230.0247 0.3950893 6.96613 0.3950893 177 0.0 344.51715 6890.3433 -9.595602
268bd195-5811-4272-acc8-3b385733b7d5 5 0 9 273 17.15999 1127.6287 1229.9749 0.703125 4.413041 0.703125 45 0.0 354.73026 7094.605 -9.62732
7a8d58aa-7801-472c-971c-3713c69ac4fa 5 0 9 274 15.77394 1024.9852 1320.7584 0.52674896 7.87796 0.52674896 256 0.0 593.50305 11870.061 -10.186132
7e4a642f-c86f-4cb0-bf32-fdf5f76fdcf8 5 0 9 275 16.371103 1483.5316 1325.9353 0.599537 7.908614 0.599537 259 0.0 212.38225 4247.645 -9.070371
94558aec-afe6-4c83-a406-f1a2ed2fd7b6 5 0 9 276 14.117531 838.4469 1330.421 0.5395833 7.908614 0.5395833 259 0.0 566.7007 11334.014 -10.13596
6d107e45-67eb-47f5-bb26-1ef2a03d460c 5 0 9 277 14.329767 1106.5298 1342.5121 0.4250441 7.720987 0.4250441 241 0.0 526.3729 10527.458 -10.055809
9461e4fd-4e5e-4cc2-ab1c-9a8b6a1f7593 5 0 9 279 16.181017 1831.3763 1770.5277 0.50617284 7.7740173 0.50617284 246 0.0 349.46622 6989.324 -9.611088
85fe8d27-b0f4-4e87-8fad-79ff2f969365 5 0 9 280 16.578724 1272.4529 80.78446 0.49537036 7.421159 0.49537036 214 0.0 270.8022 5416.044 -9.334206
e7ba507e-283c-4a09-a024-266840cd512c 5 0 9 281 16.64057 629.46466 138.4445 0.52037036 8.126482 0.52037036 281 0.0 5141.1147 102822.3 -12.530218
d9982c54-d803-47dc-a665-5344aebc545a 5 0 9 282 16.323212 551.23694 216.6884 0.5546875 7.409581 0.5546875 213 0.0 354.23608 7084.722 -9.625807
0d19585c-6114-4f14-9ffe-aeafe81eaee4 5 0 9 283 17.472672 339.97623 397.53745 0.5509259 7.6888156 0.5509259 238 0.0 465.87317 9317.463 -9.923244
6c248e02-2451-43a8-bc98-cca743bc096e 5 0 9 284 15.942448 1652.7853 416.69742 0.43386245 7.7740173 0.43386245 246 0.0 364.3544 7287.088 -9.656385
cacfd7f2-e339-4f5c-af6c-9da03f506308 5 0 9 285 16.678074 303.97644 441.90897 0.54115224 7.9491196 0.54115224 263 0.0 609.8398 12196.796 -10.215614
5fa4fb72-ae3f-4b98-bf0a-bbc1c1b7b64d 5 0 9 286 17.080702 1641.392 453.42673 0.45 8.019028 0.45 270 0.0 296.0497 5920.994 -9.430986
57e4c586-d3d6-47b9-9101-de77f713a1f5 5 0 9 287 17.416788 840.6369 545.7919 0.51028806 7.795028 0.51028806 248 0.0 769.01886 15380.378 -10.467418
5835645a-54f1-4fda-93ce-5eaea4741dba 5 0 9 288 17.226599 403.4769 583.3929 0.43896103 8.642499 0.43896103 338 0.0 931.52606 18630.521 -10.675563
277861fe-4f31-4f1f-a420-c3dfecd39da2 5 0 9 289 15.715889 674.9738 602.8666 0.46349207 8.231167 0.46349207 292 0.0 1396.9725 27939.451 -11.115544
dd08d8b8-d0f9-4569-8efa-90e3612c27bf 5 0 9 290 16.239893 767.4358 660.7339 0.46857142 8.556413 0.46857142 328 0.0 428.9809 8579.618 -9.83367
60ab94af-5e0a-4df4-9e86-2dae6d06b2f5 5 0 9 291 16.676184 597.56836 729.5983 0.43386245 7.7740173 0.43386245 246 0.0 1153.3724 23067.45 -10.907499
398893c8-1ea3-466f-9744-925665a491fc 5 0 9 292 14.981193 836.7908 754.3131 0.5208333 7.546194 0.5208333 225 0.0 503.26517 10065.304 -10.007067
5f3979d8-5084-4048-86a5-05f81d895b72 5 0 9 293 17.26227 564.77106 763.66376 0.5 8.573769 0.5 330 0.0 750.926 15018.5205 -10.441567
7216431f-4102-4023-b092-d8f508fbd2b1 5 0 9 294 16.762503 1067.6259 816.2359 0.5 7.710293 0.5 240 0.0 407.9116 8158.232 -9.77899
334050fe-32db-4190-8091-0964cf9a89fe 5 0 9 295 16.0 156.67877 842.57367 0.44285715 8.107156 0.44285715 279 0.0 786.9194 15738.388 -10.4924
f42db118-f0ee-46f8-8b47-18823ca73848 5 0 9 296 17.01725 287.67487 859.47424 0.5462963 7.6672177 0.5462963 236 0.0 1037.5615 20751.23 -10.792609
a90b1c72-0b52-482a-8ba3-c778c26cf15d 5 0 9 297 16.500492 1084.2137 895.28076 0.5 7.710293 0.5 240 0.0 1040.1614 20803.229 -10.795327
8376d98a-cbcf-48b8-848f-78f1a39d24bd 5 0 9 298 17.31547 1008.87305 1072.414 0.50223213 7.546194 0.50223213 225 0.0 244.11632 4882.326 -9.221567
104dd8eb-1f75-4e3e-8618-1dd6ed847cce 5 0 9 299 16.040579 1044.8303 1074.6042 0.52356905 8.405959 0.52356905 311 0.0 674.9485 13498.97 -10.325751
1b60ae61-54ac-4ec8-9766-9424b6c1184f 5 0 9 300 17.151472 1211.7477 1150.2389 0.46851853 7.847066 0.46851853 253 0.0 437.19052 8743.811 -9.854252
3e392ba8-cab7-4ec5-a13c-ee3c0d38ac49 5 0 9 301 16.229631 342.07544 1191.4358 0.48095238 8.333255 0.48095238 303 0.0 1051.0886 21021.771 -10.806673
872e05e4-54df-40b4-9e74-d61a8a8e7ff4 5 0 9 302 16.800617 1064.8953 1314.8917 0.5833333 7.534998 0.5833333 224 0.0 643.8349 12876.698 -10.274511
07306b24-ee24-434c-b1c2-08e5e6913ab1 5 0 9 303 16.0 965.18866 1331.2836 0.50535715 8.145716 0.50535715 283 0.0 253.7856 5075.712 -9.263742
7b6a6a1f-2c92-4b69-8fd5-bd8d9dbb8020 5 0 9 304 17.50484 812.79565 1555.4421 0.5124717 7.557357 0.5124717 226 0.0 260.45325 5209.065 -9.2919
37568baa-ee2b-498c-9f6d-7917fd7fde5d 5 0 9 305 16.378082 955.1613 1666.2258 0.41428572 7.928919 0.41428572 261 0.0 495.70197 9914.039 -9.990626
bdfb8f0b-f041-4bfa-b175-9573e12e7cd6 5 0 9 306 16.358196 829.1977 1802.5338 0.4979424 7.7316513 0.4979424 242 0.0 2687.138 53742.76 -11.8258
bb102a5a-9696-46a2-8a5f-f5412546b43a 5 0 9 307 18.240517 542.9685 26.874304 0.5 8.573769 0.5 330 0.0 441.9093 8838.186 -9.865908
8e54161d-abf1-4ffd-b4ce-f41bf375f602 5 0 9 308 17.094896 810.8866 36.691387 0.5265151 8.097459 0.5265151 278 0.0 340.73346 6814.6694 -9.5836115
6c19821d-bfee-4c6e-9369-7f44bc2bf348 5 0 9 309 17.672796 235.34975 84.05683 0.54526746 7.9692187 0.54526746 265 0.0 1199.2775 23985.55 -10.949874
91d895fa-25bd-4464-abb9-48f1c86d210f 5 0 9 310 17.156889 1271.3192 128.8102 0.68333334 7.7740173 0.68333334 246 0.0 382.79486 7655.8975 -9.7099905
1ded8bbd-5fd5-454a-bafb-39b7932213ac 5 0 9 312 16.733088 1468.996 280.06088 0.678125 7.455676 0.678125 217 0.0 247.42639 4948.528 -9.23619
488ecd71-88c3-4e0b-9789-1cca01f5ff47 5 0 9 313 18.878561 419.3943 430.7169 0.5885417 7.557357 0.5885417 226 0.0 629.1265 12582.53 -10.24942
5649a4c7-044f-43cb-a33a-875cb2f5c93e 5 0 9 314 16.692978 1363.767 447.8013 0.5462963 7.6672177 0.5462963 236 0.0 452.7223 9054.445 -9.892155
e3db1aa6-927e-4a09-a2d4-0b06c07d194d 5 0 9 315 17.246277 1070.5468 503.63388 0.5208333 7.2556634 0.5208333 200 0.0 2172.334 43446.68 -11.594892
ef38c57e-8080-49d0-a72d-a08270dca3df 5 0 9 316 17.986946 968.3822 579.00543 0.6157407 7.9792304 0.6157407 266 0.0 771.2698 15425.395 -10.470591
177f76f4-0139-49a4-86d5-4a61816ce9f9 5 0 9 317 17.646267 1271.1306 590.27136 0.49537036 8.495106 0.49537036 321 0.0 747.3504 14947.008 -10.436386
721dc60a-4b57-4a41-a0ff-d0fcb8336013 5 0 9 318 17.829098 773.0319 619.57446 0.5555556 8.305661 0.5555556 300 0.0 1272.4397 25448.793 -11.014168
e7d5e962-2182-420c-b5b9-0d34baf193dd 5 0 9 319 15.908961 1249.6636 620.1502 0.5329218 7.908614 0.5329218 259 0.0 482.3499 9646.998 -9.96098
3499ad41-4384-4d29-a713-b808304f3bd6 5 0 9 320 18.386223 1963.6334 626.9071 0.53872055 8.486276 0.53872055 320 0.0 383.30438 7666.088 -9.711434
bfc586d3-5290-47c8-ad39-f2ae0dbc594d 5 0 9 321 18.552782 412.65527 645.99835 0.5511111 7.795028 0.5511111 248 0.0 636.22565 12724.514 -10.261603
6b62c33b-d2eb-49dd-8030-6c4d16a0f95c 5 0 9 322 17.023684 865.53723 664.0503 0.54924244 8.212331 0.54924244 290 0.0 1003.8235 20076.469 -10.756719
63981423-6f04-4c01-91d3-252be436feb5 5 0 9 323 18.047415 970.9085 664.4296 0.5671296 7.7634687 0.5671296 245 0.0 1016.98303 20339.66 -10.77086
ab66d42a-eb93-43b4-be12-e3ff8b7ec0d3 5 0 9 324 17.792316 669.17206 709.536 0.5185185 7.534998 0.5185185 224 0.0 369.8092 7396.184 -9.67252
fa106919-6963-49ce-9396-7ea7d49b907c 5 0 9 325 18.961002 787.9493 710.126 0.52263373 7.857391 0.52263373 254 0.0 3606.6426 72132.85 -12.145332
5ab73bc1-c24e-420d-b0c2-c0a5dae92857 5 0 9 326 17.981071 648.44885 723.91144 0.41269842 7.6454973 0.41269842 234 0.0 10897.861 217957.23 -13.345928
8a2da6b0-b703-4623-9aed-f479c653199d 5 0 9 327 17.47854 1123.1465 739.5979 0.5729167 7.489877 0.5729167 220 0.0 1044.9569 20899.139 -10.800321
619ddce7-6dd2-46db-9474-0779e8b0050f 5 0 9 328 17.722937 236.21715 782.95636 0.47619048 7.710293 0.47619048 240 0.0 666.0902 13321.804 -10.311408
1e3a7101-05b5-42af-9112-ad7099722ab6 5 0 9 329 18.17535 1180.8949 783.69794 0.5123457 7.8054914 0.5123457 249 0.0 938.9399 18778.797 -10.68417
32757360-a673-47e5-b3df-e3386181e0bf 5 0 9 330 16.820759 762.0469 791.46136 0.5648148 7.752892 0.5648148 244 0.0 527.7677 10555.354 -10.058682
9e4fc99b-b520-427d-aaf0-1a0ad5aee224 5 0 9 331 18.064163 1163.3369 811.1587 0.4642857 7.9187794 0.4642857 260 0.0 490.82263 9816.453 -9.979886
f53d8ea2-077b-4f09-b029-5a5ac5069518 5 0 9 332 18.511848 580.4596 817.9482 0.49444443 7.989217 0.49444443 267 0.0 611.9124 12238.248 -10.219298
b93ce69a-5e07-46ed-b93e-96a04de0cfca 5 0 9 333 17.749964 1124.137 823.1356 0.512987 8.4507675 0.512987 316 0.0 558.398 11167.96 -10.119935
be911fd7-813a-4029-8f2c-03f4293dbd5a 5 0 9 334 17.782694 1444.1929 822.78906 0.51028806 7.795028 0.51028806 248 0.0 1028.7104 20574.209 -10.783308
fa95987e-895c-4f45-b988-919345beac24 5 0 9 335 18.71089 1233.7612 835.30914 0.53518516 8.202881 0.53518516 289 0.0 413.9463 8278.926 -9.794935
a1f926ca-fd67-40db-87a4-74d33df8b175 5 0 9 336 17.617043 578.56494 840.2001 0.44238684 7.4327 0.44238684 215 0.0 331.61612 6632.3223 -9.554164
06eeff23-3cee-4482-90dc-187a52abb03a 5 0 9 337 17.50983 639.39197 839.064 0.5740741 7.795028 0.5740741 248 0.0 1034.8251 20696.5 -10.789742
8db81af8-b0d8-4a69-b9ac-90e3d67992a8 5 0 9 338 17.769453 446.63663 945.10864 0.45326278 7.8882046 0.45326278 257 0.0 641.9012 12838.023 -10.271245
d5c9e372-e13f-4bf0-90cf-4ad3e2b496fa 5 0 9 339 18.309834 1202.4208 1028.7054 0.33541667 6.7495646 0.33541667 161 0.0 422.22037 8444.407 -9.816423
4a7ff5a5-954a-4e6c-8fef-360b1c5d5fce 5 0 9 340 16.44831 1209.6565 1072.9893 0.4074074 5.5185885 0.4074074 88 0.0 495.56763 9911.353 -9.990333
ec09e71c-4d73-4154-8d56-e10cbcc6e91a 5 0 9 341 17.484682 668.2782 1575.2366 0.40571427 8.155299 0.40571427 284 0.0 539.384 10787.679 -10.08232
a03b552c-0e76-4172-81ac-0d728aa17717 5 0 9 342 16.968916 687.8443 1630.6868 0.39583334 6.88651 0.39583334 171 0.0 287.96686 5759.3374 -9.400931
0a84c4f1-5a7b-42ca-a086-540ae0353717 5 0 9 343 16.660421 687.60486 1630.7264 0.4857143 5.0641136 0.4857143 68 0.0 269.93234 5398.6465 -9.330712
feac36d2-6c3c-448b-bd31-f895fa4c9253 5 0 9 344 18.230185 850.1868 1677.8069 0.29848486 7.219202 0.29848486 197 0.0 991.0433 19820.865 -10.742806
129c5d9e-71cf-4cae-ae5c-269b22e7d5fd 5 0 9 345 18.313198 850.06537 1677.9884 0.45833334 5.7395635 0.45833334 99 0.0 913.1395 18262.791 -10.653918
08c0f16e-5aa5-4960-a89e-6ec8fa1fa3aa 5 0 9 346 18.629217 1243.1449 1853.3911 0.578125 7.512505 0.578125 222 0.0 4456.837 89136.734 -12.375142
70de9cc2-dccb-4666-866a-aaf956abddbb 5 0 9 348 18.423378 660.96216 107.20789 0.5349794 7.9187794 0.5349794 260 0.0 1051.2828 21025.656 -10.806874
bd30783d-31bb-4a73-a0f0-051d7a4229a0 5 0 9 349 17.609797 869.99365 140.87181 0.5972222 7.4327 0.5972222 215 0.0 829.36487 16587.297 -10.549439
d8ceaeaf-6b3c-49a3-a6bc-6a035a110d5e 5 0 9 350 18.427475 518.41583 149.96455 0.54814816 8.268581 0.54814816 296 0.0 997.36914 19947.383 -10.749715
956d9322-4cdc-4ae7-af4d-17553c4c1ab2 5 0 9 351 18.992825 332.71194 499.6698 0.64285713 7.1201267 0.64285713 189 0.0 639.2632 12785.264 -10.266774
02fc2414-c488-4f3e-8412-655cbf0f7a55 5 0 9 352 17.787159 783.2146 533.8581 0.5572917 7.421159 0.5572917 214 0.0 829.99316 16599.863 -10.5502615
359285e4-c1e0-4268-9041-8c057b800970 5 0 9 353 19.03995 347.51898 681.37415 0.52263373 7.857391 0.52263373 254 0.0 897.6885 17953.77 -10.635389
9b943986-3795-4740-891f-4208fa38c09d 5 0 9 354 18.598368 1068.0314 689.1678 0.5092593 7.489877 0.5092593 220 0.0 3435.9302 68718.61 -12.092686
87b36b89-86dc-4684-9783-d44365061477 5 0 9 355 18.248838 1236.6725 694.01337 0.5720165 8.097459 0.5720165 278 0.0 420.28714 8405.743 -9.81144
028c1009-8867-44f6-be3a-ccbe857f1065 5 0 9 356 18.458574 791.67694 728.8806 0.537037 7.623653 0.537037 232 0.0 1807.3833 36147.668 -11.395201
e4fe237e-fdff-4dbb-ae95-d5a15995de33 5 0 9 357 18.965763 886.8522 747.2651 0.47453704 7.3156304 0.47453704 205 0.0 818.65234 16373.047 -10.535324
431af6f2-4e16-401e-bb46-7bf5b8417cb7 5 0 9 358 19.245224 1182.2084 793.73065 0.5950617 7.720987 0.5950617 241 0.0 1352.9203 27058.406 -11.080755
c5f5e21c-ac12-4e70-89ce-592c90974be6 5 0 9 359 18.640463 719.3409 840.896 0.60444444 8.038779 0.60444444 272 0.0 672.3651 13447.302 -10.321588
29aebafd-f688-4e8a-8a00-0df1e379860d 5 0 9 360 19.267618 605.64655 881.9334 0.53333336 8.193409 0.53333336 288 0.0 465.93796 9318.759 -9.923395
e8e4fcd0-e54c-4862-9269-7d75a45adcd9 5 0 9 361 18.706478 1437.1177 909.8897 0.4848485 8.193409 0.4848485 288 0.0 660.8639 13217.278 -10.3028555
6a63ea80-3516-4db0-9b2e-a11c35ecb58c 5 0 9 362 18.012627 1203.1648 1028.7056 0.4 5.680992 0.4 96 0.0 405.05176 8101.035 -9.771351
b9b0e806-9a16-4da7-becb-05d64306e10a 5 0 9 363 18.818121 1106.3981 1286.7896 0.46212122 8.35155 0.46212122 305 0.0 939.25964 18785.193 -10.684539
35f5a753-ff81-4405-8aa1-5354bce5bc45 5 0 9 364 18.89429 992.6045 1366.4283 0.49375 7.678032 0.49375 237 0.0 331.0781 6621.562 -9.552402
e68f5292-879d-4d67-8897-7308b65b2620 5 0 9 365 18.364424 850.08 1677.8761 0.5466667 4.2782063 0.5466667 41 0.0 829.8831 16597.662 -10.5501175
f857269a-5162-435c-bbd1-0e4462bdf957 5 0 9 366 18.63083 878.73676 1756.4065 0.5300926 7.5906496 0.5300926 229 0.0 1926.8098 38536.195 -11.464672
c9e45b3f-e178-4ca6-881f-d5ffabc972df 5 0 26 3 9.385448 326.92645 150.73491 0.63055557 7.568487 0.63055557 227 0.0 4506.057 90121.14 -12.387067
560f6394-f10f-4e39-9116-757cc0c7b8af 5 0 26 4 10.540721 1310.1915 211.38948 0.5783333 8.718537 0.5783333 347 0.0 392.50766 7850.153 -9.737195
db06b3ac-ea42-45fc-a19e-3c38244d38ce 5 0 26 5 9.783874 515.68555 212.37263 0.525463 7.568487 0.525463 227 0.0 291.4137 5828.274 -9.41385
76043c0f-d29d-4ff8-b8c1-173c7f80f2f1 5 0 26 6 11.331829 303.93475 246.26735 0.5185185 7.836714 0.5185185 252 0.0 5640.6836 112813.67 -12.630904
92554809-00c8-4264-aa27-46ebbdc0ab3f 5 0 26 10 9.037985 867.6624 397.2842 0.5313131 7.9491196 0.5313131 263 0.0 455.7175 9114.35 -9.899314
245882d9-b1dc-415a-b031-0697bcc5b19f 5 0 26 11 10.122065 1371.3429 492.1662 0.49074075 7.9692187 0.49074075 265 0.0 365.58755 7311.751 -9.660053
0e9dfd76-9ee8-4422-84e0-908f966a939a 5 0 26 12 9.0 664.3931 522.83405 0.49691358 8.503919 0.49691358 322 0.0 647.21173 12944.234 -10.28019
270919ce-4ee0-4b8b-9e0c-add60dad39ea 5 0 26 13 10.0 1232.9019 841.90576 0.47348484 8.947002 0.47348484 375 0.0 276.0949 5521.8984 -9.355221
5de29ffe-ea11-4c6c-8927-dbe956b08904 5 0 26 14 10.252654 210.77875 934.9165 0.45757577 8.324078 0.45757577 302 0.0 1296.171 25923.42 -11.034231
535af844-4a47-4340-9684-ec6c0daefdd9 5 0 26 15 9.465351 1111.2263 1020.5763 0.6271605 7.857391 0.6271605 254 0.0 1234.8439 24696.877 -10.981606
5d333ad6-72b3-4416-82d8-5a14ae73b7ad 5 0 26 16 10.0 1238.2723 1142.1172 0.52910054 7.2556634 0.52910054 200 0.0 397.87134 7957.4272 -9.751931
03dc7742-7ab1-4483-9475-32dd012ba3a4 5 0 26 17 10.097101 1203.9885 1149.3394 0.50823045 7.784537 0.50823045 247 0.0 21389.666 427793.3 -14.078085
734978dc-d443-4b07-833f-2df6b49474b5 5 0 26 18 8.876566 854.68396 1448.7329 0.70357144 7.219202 0.70357144 197 0.0 6020.949 120418.984 -12.701737
eb830ec6-93bb-453a-88a4-d83ae1065631 5 0 26 19 9.934707 766.46387 1788.9318 0.44855967 7.467111 0.44855967 218 0.0 834.04285 16680.857 -10.555546
b58e2047-1b13-4262-b949-1bf572eb20a0 5 0 26 21 11.23281 1875.0353 144.50078 0.50617284 7.7740173 0.50617284 246 0.0 16551.217 331024.3 -13.79965
12e49d9a-eb09-4c09-ae43-374d325e4866 5 0 26 22 11.226086 823.888 237.04591 0.44285715 7.795028 0.44285715 248 0.0 736.30865 14726.174 -10.420225
