resources/traces_dataset/IN/segmentedObjects/segmentedObjects_3D_barcode.dat
# %ECSV 1.0
# ---
# datatype:
# - {name: Buid, datatype: string}
# - {name: 'ROI #', datatype: int64}
# - {name: 'CellID #', datatype: int64}
# - {name: 'Barcode #', datatype: int64}
# - {name: id, datatype: int64}
# - {name: zcentroid, datatype: float32}
# - {name: xcentroid, datatype: float32}
# - {name: ycentroid, datatype: float32}
# - {name: sharpness, datatype: float32}
# - {name: roundness1, datatype: float32}
# - {name: roundness2, datatype: float32}
# - {name: npix, datatype: int64}
# - {name: sky, datatype: float32}
# - {name: peak, datatype: float32}
# - {name: flux, datatype: float32}
# - {name: mag, datatype: float32}
# meta: !!omap
# - comments: ['', filtered]
# schema: astropy-2.0
Buid "ROI #" "CellID #" "Barcode #" id zcentroid xcentroid ycentroid sharpness roundness1 roundness2 npix sky peak flux mag
[from data line 1113]
d4abc12b-06de-425e-85f4-bb2125d185b4 5 0 13 59 10.937982 454.57056 231.56697 0.44973546 7.867689 0.44973546 255 0.0 277.95255 5559.051 -9.362501
eeb2b042-7839-4a74-8bba-50e95cecb43f 5 0 13 61 11.748755 299.23154 249.31639 0.5308642 7.8984227 0.5308642 258 0.0 5939.948 118798.96 -12.687032
1b112635-0c71-4a76-af31-9deeda166049 5 0 13 63 12.194125 1670.6995 457.32336 0.44973546 7.867689 0.44973546 255 0.0 242.52362 4850.4727 -9.21446
09f1f2a0-3317-44ff-a69e-316396afd2db 5 0 13 64 11.529449 327.94855 546.4156 0.48412699 8.35155 0.48412699 305 0.0 57216.473 1144329.5 -15.146378
1c811952-45bb-4032-b65b-f2d2a6e89533 5 0 13 66 9.958708 970.9295 566.07587 0.49588478 7.720987 0.49588478 241 0.0 241.59087 4831.8174 -9.210277
4a736b5d-e2ae-4a11-b60f-0ecab7b7b1a5 5 0 13 67 12.15635 154.81493 623.0818 0.5717593 7.784537 0.5717593 247 0.0 10976.934 219538.67 -13.353778
30aec0b5-225c-45a9-8f50-0a5a249fea64 5 0 13 68 11.601112 453.84906 631.81396 0.45324674 8.735255 0.45324674 349 0.0 672.2064 13444.129 -10.321332
03cb2a35-b07d-498e-89ae-7abf7f6e2f1f 5 0 13 69 12.666655 1061.8384 700.4197 0.4638448 7.9491196 0.4638448 263 0.0 25601.84 512036.78 -14.2732525
a2fa85e8-7e59-4250-b4f2-d82c45d4e9c1 5 0 13 70 10.921434 1419.7837 721.1127 0.4920635 7.795028 0.4920635 248 0.0 282.79047 5655.8096 -9.381237
61d8213e-582a-47d7-9a9b-480dd3134e61 5 0 13 71 12.265836 465.5212 759.94574 0.47142857 8.277883 0.47142857 297 0.0 442.64966 8852.993 -9.867725
28498e90-6083-489d-8720-f86cf1747871 5 0 13 72 12.298006 759.9689 787.5488 0.5494792 7.3863173 0.5494792 211 0.0 340.43198 6808.639 -9.582651
9c8bb505-0db1-4f17-9b82-800643b3c520 5 0 13 73 11.891349 555.43274 824.5881 0.41358024 7.267736 0.41358024 201 0.0 212.48322 4249.664 -9.070887
e1f7c4d2-b9d0-4cec-aaff-d9ccfb96fd61 5 0 13 74 11.845601 555.32007 824.5592 0.63 4.93682 0.63 63 0.0 215.6792 4313.584 -9.087095
bdcff5a2-e1c6-4976-b4cd-94fb3dcfa5f4 5 0 13 75 11.849846 661.8215 833.1977 0.47857141 5.039167 0.47857141 67 0.0 5164.789 103295.78 -12.535207
6e0d8f57-e45b-4bfd-b3d8-fd0ef569d63c 5 0 13 76 12.009126 218.06564 834.3982 0.4976852 7.4327 0.4976852 215 0.0 5487.9663 109759.33 -12.601104
96bb838d-e3a3-48a8-bd5a-f3af577d87ae 5 0 13 77 12.033467 661.784 833.3604 0.421875 6.7635098 0.421875 162 0.0 4651.183 93023.664 -12.421484
1ba1aac7-7fb4-4110-8e05-148143094ca4 5 0 13 78 12.206223 257.27478 841.4873 0.515 8.3879 0.515 309 0.0 351.34494 7026.899 -9.616909
6ea11b1b-ccdb-452f-9efc-8fbfd983cf69 5 0 13 79 12.322497 1254.6356 843.21796 0.45740741 7.784537 0.45740741 247 0.0 221.85075 4437.015 -9.117727
c1de1d66-6cf8-4caa-a0ca-3449c9f851a2 5 0 13 80 11.140045 755.8657 846.2117 0.44444445 7.836714 0.44444445 252 0.0 252.7985 5055.9697 -9.259511
9484af5d-225d-45d1-b8f8-1d78403b4b3a 5 0 13 81 9.955032 716.1998 882.98706 0.5532407 7.699569 0.5532407 239 0.0 477.7565 9555.13 -9.950591
1f9f0d0f-fd85-439f-ab40-fbeaa7a9b7e9 5 0 13 82 11.883622 467.27374 905.22845 0.49375 7.678032 0.49375 237 0.0 2014.6218 40292.438 -11.513059
1a258ac4-789b-4a0d-be7f-303feb2dc4b4 5 0 13 83 11.792743 267.47128 909.25256 0.48333332 8.477427 0.48333332 319 0.0 563.87164 11277.433 -10.130526
d44d97fd-d2fe-4297-bca6-2cbc6b047e17 5 0 13 84 12.303427 1196.0911 935.20874 0.47301587 8.287163 0.47301587 298 0.0 363.72116 7274.423 -9.654496
acb3264c-22b5-41ee-9550-6fb5af681db9 5 0 13 85 11.717915 1201.0637 981.1329 0.48752835 7.4327 0.48752835 215 0.0 407.9858 8159.716 -9.779187
2cc9833b-2d19-4324-8f81-b3c6bfd3b41d 5 0 13 86 12.339311 1922.4445 1209.8113 0.5787037 7.8159266 0.5787037 250 0.0 346.22455 6924.4907 -9.600969
629bc14d-9863-405e-9dc0-e81533aa2166 5 0 13 87 11.5152445 887.68555 1219.7147 0.43650794 8.068226 0.43650794 275 0.0 313.77606 6275.5215 -9.494124
fa5aec58-0815-4616-9233-d1a6d918ad84 5 0 13 88 11.0 353.65982 1255.361 0.5020576 7.752892 0.5020576 244 0.0 235.66455 4713.291 -9.1833105
f7a6a585-3885-467e-a25d-b9391b042f07 5 0 13 89 11.759705 1000.4619 1359.6305 0.4781746 7.720987 0.4781746 241 0.0 357.13538 7142.707 -9.634657
9ec28ff9-d089-4b6a-860f-38529f41e8f4 5 0 13 90 11.351572 725.3957 1439.0177 0.4955357 7.512505 0.4955357 222 0.0 569.7845 11395.689 -10.141851
3b8b5743-efa2-43a6-8839-c5edaf7e9ea3 5 0 13 91 11.353382 1491.5648 1877.3776 0.46333334 8.097459 0.46333334 278 0.0 1258.8046 25176.092 -11.002471
59900b02-604c-475a-b4dd-f144103b5fd7 5 0 13 93 12.117169 305.83688 133.84306 0.45555556 8.183914 0.45555556 287 0.0 237.84981 4756.996 -9.193332
68b094eb-2f18-4c81-92a7-23ab34ef64fc 5 0 13 94 12.565207 1876.8148 143.69754 0.4962963 7.9991784 0.4962963 268 0.0 1575.9237 31518.475 -11.246413
4bb67c06-1415-4b1a-a0b9-b84a09de8a69 5 0 13 95 12.487749 1017.65344 157.15143 0.5598958 7.4327 0.5598958 215 0.0 285.57697 5711.539 -9.391883
89525f61-561c-4b1f-891c-c692230fab10 5 0 13 96 12.589595 79.59098 164.09006 0.5390946 7.939032 0.5390946 262 0.0 695.6142 13912.284 -10.358496
113211db-82db-4085-b567-ada7c3b092c9 5 0 13 97 12.694414 1295.7396 242.41948 0.5717593 7.784537 0.5717593 247 0.0 17545.719 350914.38 -13.863003
07364db5-c2ae-4996-896e-27150f3c7ce2 5 0 13 98 12.71629 1183.3911 279.72876 0.4585538 7.9187794 0.4585538 260 0.0 408.93155 8178.631 -9.781701
6abc03db-f21b-4fca-ac2f-29b1b4300f28 5 0 13 99 12.892851 1315.0094 433.79092 0.56228954 8.608272 0.56228954 334 0.0 206.03773 4120.755 -9.037442
bd9d6557-da0a-4bff-96cb-56feb8c8243e 5 0 13 100 12.454933 457.58813 500.4809 0.52962965 8.174398 0.52962965 286 0.0 1041.8574 20837.148 -10.797095
b91da8b2-678f-4dd0-a97d-a6a9c0bcb443 5 0 13 101 12.261487 263.55832 522.91425 0.5617284 8.048618 0.5617284 273 0.0 2060.309 41206.18 -11.537406
e0cb5dfa-35bc-43d5-ba30-11c3e2d827f9 5 0 13 103 13.47505 514.42664 642.25635 0.55833334 8.616854 0.55833334 335 0.0 278.5018 5570.0356 -9.364645
933fc9c8-21d0-438c-a8f2-00fe5075fa8a 5 0 13 104 11.495592 1438.5457 659.8817 0.45714286 8.193409 0.45714286 288 0.0 261.2142 5224.284 -9.295067
d1c19604-79c2-4617-b048-0c4a1d1c6b21 5 0 13 105 12.574722 366.34775 676.0634 0.43915343 7.8054914 0.43915343 249 0.0 403.74805 8074.961 -9.767851
95fb1f31-7567-4a9e-98c0-8ffb1540cdf6 5 0 13 106 11.869221 651.589 691.1157 0.5555556 8.019028 0.5555556 270 0.0 292.91504 5858.301 -9.419429
c1ab6eae-d782-402e-8954-6de857cd2277 5 0 13 107 12.383762 1053.0923 708.8071 0.53125 7.3037157 0.53125 204 0.0 4420.4897 88409.8 -12.366251
0076256b-3568-4dbe-9f68-a8b9bcd85128 5 0 13 108 13.250856 1449.063 727.069 0.4979424 7.7316513 0.4979424 242 0.0 321.10532 6422.1064 -9.519194
5a6b0134-93a8-4786-a1a7-2739f65fc952 5 0 13 110 13.009858 2034.8759 742.9735 0.5439815 7.656373 0.5439815 235 0.0 1891.4467 37828.934 -11.44456
770b731b-6c85-48f0-852f-e3e3fa8d6f22 5 0 13 111 12.264345 187.81686 994.31555 0.4962963 7.9991784 0.4962963 268 0.0 1888.014 37760.28 -11.442588
974f8df9-ed0f-4b73-88db-a34cf8644b37 5 0 13 112 12.262651 1085.7751 1054.3423 0.51111114 8.077993 0.51111114 276 0.0 8612.006 172240.12 -13.090336
b685871d-7619-4f20-a528-4414fdfc6e5a 5 0 13 113 11.718195 1182.6005 1054.4746 0.48412699 8.35155 0.48412699 305 0.0 238.5465 4770.9297 -9.196507
b03da0a1-4947-4b09-8d6e-f0447ea77459 5 0 13 114 12.141034 538.5187 1071.816 0.4752066 8.701755 0.4752066 345 0.0 286.15622 5723.1245 -9.394083
1d2872c7-4ba2-4877-b8e6-2153c4542c11 5 0 13 115 12.843431 497.05917 1076.9996 0.42 8.249917 0.42 294 0.0 824.47485 16489.496 -10.543018
6989ff43-5a80-40d8-92c1-0f4fa0a1525f 5 0 13 117 12.515112 1380.0695 1708.0175 0.4920635 7.795028 0.4920635 248 0.0 1065.4153 21308.307 -10.821372
7ad59b3c-7098-4c65-b809-15316b99738b 5 0 13 118 12.825206 1461.6624 1735.1937 0.5185185 7.836714 0.5185185 252 0.0 436.7403 8734.806 -9.853133
3e5c3f19-1ee4-4f86-b727-6853fac39132 5 0 13 119 13.816781 1192.4811 19.603903 0.4722222 7.867689 0.4722222 255 0.0 30998.994 619979.9 -14.480944
d11b80e2-f8e9-45c9-9eb4-5ccba927bdc5 5 0 13 121 13.409433 1600.163 87.703705 0.52469134 7.867689 0.52469134 255 0.0 13032.5625 260651.25 -13.54015
9dab0029-3653-448f-9e1f-8de53a521565 5 0 13 122 14.131627 49.838535 135.71542 0.54320985 7.959182 0.54320985 264 0.0 736.2017 14724.034 -10.420067
4d1631b0-cf96-4498-8887-bc7249245298 5 0 13 123 13.318341 347.2899 141.3656 0.5205761 7.847066 0.5205761 253 0.0 5891.6333 117832.664 -12.6781645
2cd5415c-d3f4-44e4-ab10-8cf882117bfa 5 0 13 124 13.621185 659.3548 157.14119 0.44285715 8.396939 0.44285715 310 0.0 266.02628 5320.5254 -9.314886
8bace194-8baf-4310-8215-1dff137f8c97 5 0 13 125 13.604372 1054.4492 161.10133 0.5596708 8.038779 0.5596708 272 0.0 824.6898 16493.797 -10.543302
a1340cae-db87-48b1-8905-24f61aa4c149 5 0 13 126 13.763025 686.2011 164.52792 0.3310185 6.488024 0.3310185 143 0.0 267.06317 5341.263 -9.31911
9d3eb159-6f57-4457-a502-1059ee7dae82 5 0 13 127 14.306923 685.7267 164.4627 0.30092594 6.2851396 0.30092594 130 0.0 274.2176 5484.352 -9.347814
e815c55e-6cb9-47ac-b091-116d0d1bdb50 5 0 13 128 13.6213665 1054.7782 279.53015 0.43056944 9.371869 0.43056944 431 0.0 1003.22986 20064.598 -10.756076
510297e3-4ca7-4f76-9d42-13fcb75c1ad0 5 0 13 129 13.638878 276.79303 343.31448 0.5185185 7.836714 0.5185185 252 0.0 13567.612 271352.25 -13.583834
036c86c3-51f9-4c4c-ad32-c88b2f31c724 5 0 13 130 14.467755 1289.1309 389.0659 0.4857143 8.038779 0.4857143 272 0.0 225.99245 4519.849 -9.13781
a8d57ea7-61c7-4572-bc73-28ef3bbd1907 5 0 13 132 14.300903 10.823278 460.3482 0.52469134 7.867689 0.52469134 255 0.0 8406.877 168137.53 -13.064161
5f2a36fe-b9bd-411e-85a3-2be789047af3 5 0 13 135 13.2250805 997.3446 515.6249 0.537037 7.623653 0.537037 232 0.0 12932.918 258658.36 -13.5318165
63c522ec-cdc9-4cb1-bce5-f390b2bf7535 5 0 13 136 15.213028 876.3732 572.6755 0.525463 7.568487 0.525463 227 0.0 6069.877 121397.54 -12.710525
dadf770e-dbd6-4903-9793-16f40fb9b57f 5 0 13 137 14.080331 1084.3397 601.00214 0.50166667 8.314879 0.50166667 301 0.0 202.91766 4058.3533 -9.020875
5ce75b52-cd42-4344-ae5b-7a95227608e5 5 0 13 138 14.043394 381.06418 622.3286 0.5677083 7.467111 0.5677083 218 0.0 2631.604 52632.08 -11.803126
a4161bdd-4d0e-4e9f-854f-c4418b8658af 5 0 13 140 13.07439 1099.8662 645.9486 0.45396826 8.174398 0.45396826 286 0.0 242.36311 4847.262 -9.213741
b360dd5a-415c-45d0-b301-db877557f7ee 5 0 13 141 13.391863 390.50943 647.1158 0.51296294 8.087737 0.51296294 277 0.0 719.7243 14394.486 -10.395491
e08bd63a-0605-47c4-ade4-533c0c6921ed 5 0 13 143 14.130245 782.2429 722.79584 0.4876033 8.776773 0.4876033 354 0.0 11787.133 235742.66 -13.431095
024c21f2-b637-48b4-b29d-46239a3c3248 5 0 13 144 13.304375 1433.4514 728.3859 0.47474748 8.5651 0.47474748 329 0.0 247.49416 4949.883 -9.236487
37e9d28f-c051-4a08-b6d2-069aeb9af7a8 5 0 13 145 14.230812 365.478 753.28815 0.5375 7.8984227 0.5375 258 0.0 545.7482 10914.965 -10.095056
99acb990-5ef6-474e-b8d1-27221e6aa178 5 0 13 146 13.739565 777.6204 752.99615 0.56296295 8.342412 0.56296295 304 0.0 225.44176 4508.8354 -9.135161
a98394a9-d4ae-424c-a2a6-eabe43dc831c 5 0 13 147 14.096597 291.31778 759.9163 0.5740741 7.795028 0.5740741 248 0.0 378.29126 7565.825 -9.697141
3e9f41a7-8b85-49da-8ae0-6793946d23e0 5 0 13 148 14.620204 1428.4917 768.49 0.5439815 7.656373 0.5439815 235 0.0 248.56006 4971.201 -9.241154
7f02a5ac-76c1-490f-bae8-950b909af8da 5 0 13 149 14.684571 166.23358 846.9012 0.5532407 7.699569 0.5532407 239 0.0 523.7203 10474.406 -10.0503235
2d39a015-4f76-4cb4-a50a-9e05a01431c6 5 0 13 150 13.710234 703.01294 848.56213 0.48214287 7.742286 0.48214287 243 0.0 29940.371 598807.44 -14.443218
b0d37266-dc9a-4e15-9baf-5d79409ec054 5 0 13 151 13.450296 1180.1943 856.65155 0.51666665 8.107156 0.51666665 279 0.0 433.953 8679.061 -9.846182
0d14e140-6ef6-492f-ac38-da55057d6a32 5 0 13 152 14.361151 572.187 859.68164 0.5473251 7.9792304 0.5473251 266 0.0 296.9329 5938.658 -9.434221
060490a1-41ea-45d7-bea7-4ab21119dbf6 5 0 13 153 13.293688 703.60846 867.9288 0.52469134 7.867689 0.52469134 255 0.0 21301.389 426027.78 -14.073595
a33f7a04-9bb6-4901-9151-8f7dda4db357 5 0 13 154 13.320133 168.73839 881.3343 0.46560848 7.959182 0.46560848 264 0.0 590.9401 11818.803 -10.181434
8facef46-2088-469f-be17-8ef0ac77cbb3 5 0 13 155 13.430335 619.90607 924.14374 0.50992066 7.8882046 0.50992066 257 0.0 746.6052 14932.1045 -10.435303
b20187ae-13fd-4bd3-b444-6b2e0a727bab 5 0 13 156 15.381719 1403.2733 935.30023 0.59166664 8.155299 0.59166664 284 0.0 255.69261 5113.852 -9.271871
0347d81b-774f-4739-ae7f-f94f5bf02366 5 0 13 157 13.073664 383.79556 947.12555 0.45925927 7.795028 0.45925927 248 0.0 638.7833 12775.666 -10.265959
4fa07118-341a-43fe-b2a5-ff633a862bf7 5 0 13 158 14.399538 214.56616 1012.69446 0.5555556 7.710293 0.5555556 240 0.0 3589.7612 71795.23 -12.140239
053cc330-2741-4107-8377-8fc144233d68 5 0 13 159 13.47958 688.81866 1063.4006 0.537037 8.212331 0.537037 290 0.0 291.94025 5838.8047 -9.41581
99cd7e02-3d80-45a0-b49f-3d71c3311206 5 0 13 160 13.402889 992.3767 1085.2584 0.45238096 7.5795846 0.45238096 228 0.0 7434.1187 148682.38 -12.930649
c37c90c3-9d3e-421b-afd5-1a3a43d79d75 5 0 13 161 13.485445 680.8104 1100.9485 0.45925927 7.795028 0.45925927 248 0.0 281.51724 5630.345 -9.376337
1280bd74-e24e-47e0-8b2d-083102c514c2 5 0 13 162 13.90252 1207.4434 1167.6748 0.4722222 7.3037157 0.4722222 204 0.0 363.8128 7276.256 -9.65477
9581d063-5e3f-4b32-aa1e-57c485280123 5 0 13 164 13.213495 1115.0024 1230.2781 0.46857142 8.556413 0.46857142 328 0.0 380.60895 7612.1787 -9.703773
ac007e8b-154f-4c38-9807-392b79785afe 5 0 13 165 14.333661 890.9042 1296.1259 0.52037036 8.126482 0.52037036 281 0.0 381.5771 7631.542 -9.706531
d2d2271e-a1ce-457d-93ef-4c932e2b4f7d 5 0 13 167 14.676299 802.031 1465.1105 0.43968254 8.087737 0.43968254 277 0.0 278.8521 5577.042 -9.36601
312a9e2e-7200-43ad-aa54-3831a1f76ad0 5 0 13 168 14.11033 705.6486 1561.1425 0.5324074 7.6016827 0.5324074 230 0.0 7567.1714 151343.42 -12.949909
7056a92f-e5e6-4593-8a8e-f1b467362ecb 5 0 13 170 12.782479 945.32135 1675.8594 0.4925926 7.9792304 0.4925926 266 0.0 259.2147 5184.2935 -9.286724
ee4bd503-9eb4-405b-b078-34060f5e1b8a 5 0 13 173 14.996672 322.67447 20.818573 0.52880657 7.8882046 0.52880657 257 0.0 7942.1353 158842.7 -13.0024185
14e21576-af69-47d8-9a87-117d7fd8d23f 5 0 13 174 14.640946 1601.5927 104.48287 0.5761317 8.116831 0.5761317 280 0.0 1380.1604 27603.207 -11.102399
156bbe39-c2ab-4d41-b023-68a7766a6289 5 0 13 175 14.738643 1190.3945 123.174286 0.5205761 7.847066 0.5205761 253 0.0 229.39694 4587.939 -9.154044
667499a5-68ac-4578-9838-d936bb2647bf 5 0 13 176 15.2558365 1353.5759 247.75105 0.5205761 7.847066 0.5205761 253 0.0 5851.1816 117023.63 -12.670684
5c2cea17-0905-4570-a9e8-a62ef425f4ee 5 0 13 177 14.800852 1449.2803 311.27316 0.46875 7.37463 0.46875 210 0.0 325.96313 6519.2627 -9.535496
fb8e3fd9-1c62-42af-a779-18ec50ac82e8 5 0 13 178 14.359393 235.93709 531.0135 0.48666668 8.231167 0.48666668 292 0.0 2900.702 58014.04 -11.908833
11ecee72-7b6b-445a-90bd-9874f6b8fdac 5 0 13 179 14.547563 265.43524 547.35016 0.48809522 7.7740173 0.48809522 246 0.0 10067.603 201352.05 -13.259891
22fa2683-74fc-42a4-9fdd-f9dae61c669f 5 0 13 180 15.164115 887.1888 549.0838 0.537037 7.623653 0.537037 232 0.0 11113.789 222275.78 -13.36723
9573be6d-4b42-4367-90f1-83d5d657ac78 5 0 13 181 15.247457 258.54443 557.1901 0.5493827 7.989217 0.5493827 267 0.0 19849.145 396982.9 -13.996929
101db571-f9bc-423b-8708-47d771b5bdcf 5 0 13 182 14.603034 132.52246 652.1456 0.45326278 7.8882046 0.45326278 257 0.0 357.93213 7158.6426 -9.637076
0c5e050a-2203-4098-9123-ce4d29406c2b 5 0 13 183 14.825174 1100.3949 687.61194 0.5796296 8.42394 0.5796296 313 0.0 420.61963 8412.393 -9.812299
e7322e64-13b0-4941-b2f7-dc5745ff113d 5 0 13 184 14.678039 549.8884 758.7682 0.5532407 7.699569 0.5532407 239 0.0 335.48126 6709.6255 -9.566746
9185e2d1-f3b4-4585-af2e-a0b93d26f0fa 5 0 13 185 14.557539 1326.6229 759.013 0.5416667 7.6454973 0.5416667 234 0.0 216.46732 4329.346 -9.091056
e1d4a168-9bb4-4414-9a2e-6750db6e3cef 5 0 13 186 14.403907 772.59216 817.7103 0.47301587 8.287163 0.47301587 298 0.0 631.0995 12621.99 -10.25282
