resources/traces_dataset/IN/segmentedObjects/segmentedObjects_3D_barcode.dat
# %ECSV 1.0
# ---
# datatype:
# - {name: Buid, datatype: string}
# - {name: 'ROI #', datatype: int64}
# - {name: 'CellID #', datatype: int64}
# - {name: 'Barcode #', datatype: int64}
# - {name: id, datatype: int64}
# - {name: zcentroid, datatype: float32}
# - {name: xcentroid, datatype: float32}
# - {name: ycentroid, datatype: float32}
# - {name: sharpness, datatype: float32}
# - {name: roundness1, datatype: float32}
# - {name: roundness2, datatype: float32}
# - {name: npix, datatype: int64}
# - {name: sky, datatype: float32}
# - {name: peak, datatype: float32}
# - {name: flux, datatype: float32}
# - {name: mag, datatype: float32}
# meta: !!omap
# - comments: ['', filtered]
# schema: astropy-2.0
Buid "ROI #" "CellID #" "Barcode #" id zcentroid xcentroid ycentroid sharpness roundness1 roundness2 npix sky peak flux mag
[from data line 5142]
3596111f-aa33-4883-82aa-31bf9548303e 5 0 16 84 12.555337 1202.8456 723.564 0.47142857 8.277883 0.47142857 297 0.0 341.90872 6838.1743 -9.587351
009e5601-0833-4425-8bfb-74cfc73a9c27 5 0 16 85 11.53731 605.82043 756.4316 0.51666665 8.667994 0.51666665 341 0.0 440.2048 8804.096 -9.8617115
aa03328c-3478-4072-870b-22cabfd25b29 5 0 16 86 11.948762 1506.0889 759.03986 0.54241073 7.742286 0.54241073 243 0.0 642.24945 12844.988 -10.271834
baa030a0-e658-41bc-b173-cafcfd84686e 5 0 16 87 11.66713 871.80194 769.2454 0.5348485 8.768501 0.5348485 353 0.0 348.05313 6961.0625 -9.6066885
544d745a-7059-4a97-9f9e-e1b75c4cdd2f 5 0 16 88 11.913258 658.5138 832.144 0.5023148 7.455676 0.5023148 217 0.0 631.73456 12634.69 -10.253912
de72ad90-1bb1-4e9c-8a37-6c5399f0463a 5 0 16 89 11.776517 1415.0891 831.79895 0.48677248 8.077993 0.48677248 276 0.0 240.91666 4818.333 -9.207242
83ebca77-48d1-4192-9b0a-f848e6281a87 5 0 16 90 11.635264 218.82513 832.3853 0.5300926 7.5906496 0.5300926 229 0.0 3261.6357 65232.715 -12.036163
ac1778fc-afe7-4874-8894-c2db66a861b1 5 0 16 91 13.183692 1023.2982 837.3887 0.5717593 7.784537 0.5717593 247 0.0 421.1698 8423.396 -9.813718
c8cf5081-21a4-4d22-be5b-30ffafd4db7f 5 0 16 92 12.31661 421.36554 840.0722 0.5231481 7.557357 0.5231481 226 0.0 480.02545 9600.509 -9.955735
a51c0623-0529-4f66-bef0-cefaadfdcc8f 5 0 16 93 10.172097 783.2895 908.6657 0.44620812 7.847066 0.44620812 253 0.0 272.38864 5447.773 -9.340548
7993fe71-424d-40cd-b965-010771cc908d 5 0 16 94 12.10784 1324.8221 912.6866 0.43285716 8.333255 0.43285716 303 0.0 284.13544 5682.709 -9.386389
f7276089-d35c-4e4b-8ed0-14517b1c0a54 5 0 16 95 11.449495 731.74725 925.27734 0.51296294 8.087737 0.51296294 277 0.0 614.6806 12293.612 -10.224198
fcdeb09a-7e39-49d7-9913-bda5fbcab264 5 0 16 96 11.941475 1324.366 968.49097 0.46031746 7.623653 0.46031746 232 0.0 731.0252 14620.504 -10.412406
821a6a6c-2ea5-472d-8b10-8f5fac459850 5 0 16 97 11.767033 187.23245 991.9278 0.5185185 7.534998 0.5185185 224 0.0 7101.891 142037.83 -12.88101
14590df4-35ee-46ee-b8f6-11e5943e0674 5 0 16 98 11.360044 1087.7594 1043.6503 0.5300926 7.5906496 0.5300926 229 0.0 29344.865 586897.3 -14.421405
41a15c0c-ac8d-4f85-bc6f-3f02c0da41e5 5 0 16 99 12.083431 885.4603 1108.7991 0.4925926 7.9792304 0.4925926 266 0.0 563.1434 11262.867 -10.129123
69623c1b-a08b-442a-9685-593e22fd2001 5 0 16 100 12.616523 1207.4828 1163.5531 0.6 7.157602 0.6 192 0.0 24056.156 481123.12 -14.205641
f3c160c5-ccb2-4979-ab36-d4c3ed1067bb 5 0 16 101 11.866188 1006.0075 1198.8108 0.5314815 8.183914 0.5314815 287 0.0 418.67197 8373.439 -9.80726
f5e5444c-45c1-46be-a82a-7557c73c05ee 5 0 16 102 11.656694 1921.8505 1209.7666 0.50823045 7.784537 0.50823045 247 0.0 510.10443 10202.089 -10.021723
bfb1b4e2-6018-455e-b905-2cac29f8133a 5 0 16 103 12.568021 1115.6744 1229.4393 0.44733045 8.396939 0.44733045 310 0.0 269.49597 5389.9194 -9.328956
f4bf56d7-9129-49a6-9e8f-8ace0a57b0e0 5 0 16 105 11.6910515 1052.7839 1316.7069 0.3984127 7.826334 0.3984127 251 0.0 477.83353 9556.671 -9.950767
80e51b21-63ab-4725-9a4a-0fbe66b29625 5 0 16 107 11.829423 808.3039 1361.0038 0.5240741 8.145716 0.5240741 283 0.0 395.97696 7919.539 -9.74675
551a5bc0-7ac7-4692-ba29-edb644b6fcc5 5 0 16 112 13.087205 1192.7389 21.62273 0.599537 7.908614 0.599537 259 0.0 836.80115 16736.023 -10.559131
ddbf4347-4b80-4db3-941a-e27cff25da9e 5 0 16 113 12.781865 453.2888 84.60562 0.5324074 7.6016827 0.5324074 230 0.0 539.1332 10782.664 -10.081815
4819fba6-6afd-4d3d-9e3e-eab0dd18d1b6 5 0 16 114 12.559927 514.79456 87.74624 0.45743147 8.459672 0.45743147 317 0.0 347.83228 6956.6455 -9.606
cf16435c-243f-4718-9c55-63fb8e834452 5 0 16 115 12.61957 349.10535 141.65952 0.4744268 8.009115 0.4744268 269 0.0 2395.6511 47913.023 -11.701134
7286380d-6139-4aeb-ab09-4b7301639a5b 5 0 16 116 12.311992 78.334076 165.95609 0.50555557 8.048618 0.50555557 273 0.0 800.44574 16008.914 -10.510904
d38ae934-214c-47d3-aef4-12929a3226cf 5 0 16 117 12.440968 1004.0558 202.48193 0.69166666 5.4120255 0.69166666 83 0.0 588.8316 11776.633 -10.177553
428cd3df-3a16-4007-91a3-282f87e97644 5 0 16 118 12.683577 1003.98737 202.6722 0.41666666 7.0052657 0.41666666 180 0.0 541.07935 10821.587 -10.085728
798b740d-deb7-4396-ae8b-5e2af3b3553a 5 0 16 119 12.657351 1297.1978 243.12436 0.4702381 7.678032 0.4702381 237 0.0 36743.43 734868.56 -14.6655245
8dd667e7-00a5-49ed-a6fa-9a93d3741a4b 5 0 16 122 11.934191 881.727 398.56055 0.46205357 7.339344 0.46205357 207 0.0 355.9875 7119.75 -9.631162
e55c90c0-d940-4874-8930-6b84e3078e64 5 0 16 123 12.495272 341.58273 417.50348 0.4638448 7.9491196 0.4638448 263 0.0 464.19772 9283.954 -9.9193325
1176d6fb-bd5c-4b62-b04c-f16c745028a1 5 0 16 124 12.980437 1412.6624 427.71057 0.48 8.193409 0.48 288 0.0 258.05328 5161.066 -9.281849
835a9d92-121f-4e47-8f44-ce3c5d2edb47 5 0 16 127 11.967444 1061.521 457.18845 0.44444445 8.116831 0.44444445 280 0.0 563.17957 11263.591 -10.129192
3144eeb9-04ff-4726-bc30-524a349134c8 5 0 16 129 13.060943 714.7219 603.84406 0.41538462 8.970798 0.41538462 378 0.0 589.4737 11789.474 -10.178736
5dd5eb5e-28e3-486f-8de5-679348ca6cbf 5 0 16 130 12.025836 391.65924 647.9673 0.46233767 8.793271 0.46233767 356 0.0 781.7364 15634.728 -10.485226
e219da38-082b-42dc-ac5c-0228501735ce 5 0 16 131 13.521986 1530.7661 721.3914 0.60119045 7.279769 0.60119045 202 0.0 528.6609 10573.218 -10.060518
cc89d078-d054-4deb-a72d-7fc8e7d55a56 5 0 16 132 13.106723 987.8217 738.17035 0.5810185 7.826334 0.5810185 251 0.0 887.93616 17758.723 -10.623529
a1a89190-a8ea-4a13-9673-6562d53121df 5 0 16 133 13.005298 2035.5431 744.4003 0.48765433 7.678032 0.48765433 237 0.0 989.1292 19782.584 -10.740707
f9ea15e5-72fd-4d47-9b31-d902b535b8bd 5 0 16 134 12.512017 1256.747 763.56067 0.46296296 6.5922074 0.46296296 150 0.0 200.0061 4000.122 -9.005183
a0bb3793-1a49-456c-a992-605a81eb4d1a 5 0 16 136 13.019603 865.73975 850.73315 0.4409171 7.8159266 0.4409171 250 0.0 268.13162 5362.6323 -9.323445
2f37d048-4987-4096-a092-684a7b9ec765 5 0 16 137 12.996647 706.0424 866.0873 0.45061728 7.4785113 0.45061728 219 0.0 18723.148 374462.94 -13.933522
de6139fa-2e9f-4405-bb5d-088517d949c7 5 0 16 138 12.223553 663.147 877.75543 0.5029762 6.859556 0.5029762 169 0.0 347.594 6951.88 -9.605256
70d364c3-05c7-461d-b11b-03f284ffca77 5 0 16 139 13.091132 544.5515 882.544 0.5074074 8.058434 0.5074074 274 0.0 483.07837 9661.567 -9.962619
89295e75-3294-4451-9f38-0f859ee37c9b 5 0 16 140 12.175766 1297.2906 946.6065 0.45884773 7.5237684 0.45884773 223 0.0 1231.8994 24637.988 -10.979013
0df89c8f-6d21-4efc-903b-a4a2ab81c74a 5 0 16 141 12.0 190.844 969.91815 0.5989583 7.6016827 0.5989583 230 0.0 248.80011 4976.0024 -9.242202
18255fa9-7703-4420-aaa3-37dae8ed75b8 5 0 16 142 10.903941 1025.1832 984.7473 0.44464287 7.8054914 0.44464287 249 0.0 283.76367 5675.2734 -9.384967
d53380fb-cdfd-47bd-8828-1c436b04410d 5 0 16 144 11.799939 424.24072 1106.6672 0.53541666 7.8882046 0.53541666 257 0.0 473.93716 9478.743 -9.941877
656cb094-8fb3-462b-ba68-d48ab0fb3534 5 0 16 146 13.049779 917.82025 1614.6517 0.50166667 8.314879 0.50166667 301 0.0 294.92493 5898.4985 -9.426854
0d550cb0-0be1-436d-91b9-45019b96753d 5 0 16 147 11.731745 129.2793 1811.817 0.54115224 7.9491196 0.54115224 263 0.0 349.08136 6981.6274 -9.609892
202ef747-808d-4032-af6e-8baa92e4b68d 5 0 16 148 13.466039 1561.0471 45.622513 0.42 8.249917 0.42 294 0.0 455.2741 9105.482 -9.898257
81990d1d-055e-46f7-914b-f239aa36e091 5 0 16 150 14.206351 1601.1465 103.08683 0.6148148 7.8054914 0.6148148 249 0.0 1552.2822 31045.645 -11.230001
27333ce4-df57-46ae-92fe-a2140882652c 5 0 16 151 13.22732 797.85754 119.255066 0.4485714 8.432901 0.4485714 314 0.0 369.633 7392.66 -9.672002
5937c4aa-8c50-4c49-ace4-80e573dbd4c7 5 0 16 152 13.931146 53.210453 135.17204 0.5329218 7.908614 0.5329218 259 0.0 582.38477 11647.695 -10.1656
8e4da0b7-e966-45ec-b8f9-89e3039712a0 5 0 16 153 14.245915 1235.6141 146.96239 0.5694444 7.7740173 0.5694444 246 0.0 348.8177 6976.354 -9.609072
6659ff46-b256-4872-bc16-1f9cec8b4990 5 0 16 154 13.575267 1349.0731 196.98247 0.5020576 7.752892 0.5020576 244 0.0 443.17435 8863.486 -9.869012
304d508c-804d-4054-9093-5632255922d0 5 0 16 155 15.060416 1353.6891 248.93613 0.5625 7.742286 0.5625 243 0.0 1317.0989 26341.979 -11.0516205
88c5eb5f-28ec-4eb2-871d-ab11c92fe60e 5 0 16 157 13.057277 1182.3442 284.01797 0.5349794 7.9187794 0.5349794 260 0.0 214.19032 4283.8066 -9.079575
32f5849e-dcf8-4e97-bc71-bc6a3286d58a 5 0 16 158 13.1738405 1490.5424 319.39563 0.5648148 8.35155 0.5648148 305 0.0 331.4905 6629.81 -9.553753
ce5def99-2b1e-4abf-9f4b-25a9786a3738 5 0 16 159 13.265872 275.5515 346.83423 0.3888889 7.37463 0.3888889 210 0.0 2316.327 46326.54 -11.664575
9ad80a1a-2026-4dd7-b94a-d16dc58bcf32 5 0 16 160 13.2979145 275.56363 346.8737 0.56666666 5.0641136 0.56666666 68 0.0 1850.5583 37011.168 -11.420832
ddbad25c-b803-4ced-8858-712fa0563125 5 0 16 162 13.455003 1380.359 398.33267 0.46285716 8.521488 0.46285716 324 0.0 229.31973 4586.3945 -9.153679
d2f4d0e3-aed8-44f3-bbb9-4b63c10e9191 5 0 16 163 13.375482 1058.1423 475.64444 0.44246033 7.5237684 0.44246033 223 0.0 460.78955 9215.791 -9.911331
6108fd4c-99a4-408f-b9c5-fe3da7d4c9f6 5 0 16 164 13.690459 235.9 528.8091 0.4873016 8.369764 0.4873016 307 0.0 63060.95 1261219.0 -15.251976
c74e99d5-8eae-46d1-9d1d-71c69ab41487 5 0 16 165 14.317903 236.74924 544.6605 0.5308642 7.8984227 0.5308642 258 0.0 4968.896 99377.92 -12.493225
67ad79c4-8253-4fb9-a7ef-bdb82e5698a4 5 0 16 166 13.779875 262.20544 550.35095 0.52469134 7.867689 0.52469134 255 0.0 4629.2075 92584.15 -12.416342
1dee8a22-2f5e-4151-a6f4-4e38c2345f88 5 0 16 167 14.04576 1032.9064 549.98285 0.5555556 8.019028 0.5555556 270 0.0 398.5694 7971.388 -9.753835
77ae6655-43ac-4cf7-9e57-f10e2cc7f00c 5 0 16 168 14.227402 854.98615 630.8269 0.4949495 8.684907 0.4949495 343 0.0 336.81323 6736.2646 -9.571048
885891da-4b59-4f41-9853-9697665c764f 5 0 16 169 14.328992 1162.2737 641.24585 0.58035713 7.1946883 0.58035713 195 0.0 421.2618 8425.236 -9.813955
4e128ca0-6d5a-44de-8d11-602ac39b36a7 5 0 16 170 12.218747 1246.0039 640.5638 0.5407407 8.231167 0.5407407 292 0.0 300.7522 6015.0444 -9.448097
70c3e673-497e-4017-ac2d-7874d2192045 5 0 16 171 14.254011 914.40857 644.7149 0.515625 8.277883 0.515625 297 0.0 479.43204 9588.641 -9.954392
c816adfe-591c-45ba-bf40-8106c3b57c21 5 0 16 172 14.387424 134.22493 653.9937 0.525463 7.568487 0.525463 227 0.0 544.6942 10893.885 -10.092957
805f57f7-2e80-4b18-bca4-e3887b66dc90 5 0 16 173 12.522284 1332.4479 668.6619 0.51666665 8.107156 0.51666665 279 0.0 235.23235 4704.647 -9.181317
e88b99c3-cbc3-480d-906e-5c91552ffb28 5 0 16 176 14.9908695 186.04282 739.178 0.51060605 8.633967 0.51060605 337 0.0 609.99243 12199.849 -10.215886
0d87fb11-28db-477d-b90e-711fde4feac5 5 0 16 177 13.200717 476.31686 753.35425 0.5222222 8.13611 0.5222222 282 0.0 412.02588 8240.518 -9.789886
c32e6e5e-b52e-4ecd-857a-aee7c09694aa 5 0 16 178 15.047803 1912.5062 781.96497 0.537037 7.623653 0.537037 232 0.0 1175.8832 23517.664 -10.928486
064db6e3-a0f2-4266-8603-9dbd99dd4ed8 5 0 16 179 13.44805 1462.4722 796.99634 0.64285713 7.1201267 0.64285713 189 0.0 2908.2195 58164.39 -11.911643
3b25d56f-fe20-4737-939c-426898c1d564 5 0 16 180 13.575737 703.0099 849.1934 0.47420636 7.699569 0.47420636 239 0.0 30074.072 601481.44 -14.448055
f144bec9-d9ab-487e-9069-b2deff50572e 5 0 16 181 14.178269 596.7792 864.9863 0.4857143 8.360667 0.4857143 306 0.0 265.8709 5317.418 -9.314252
4d0a84c4-5d97-4eb2-9fad-b8749e55258a 5 0 16 182 12.811525 699.4115 973.6766 0.5810185 7.826334 0.5810185 251 0.0 673.67694 13473.538 -10.323704
95018362-6cfc-4105-96fe-04e316d14e44 5 0 16 183 14.757943 888.7551 1037.0717 0.5 7.742286 0.5 243 0.0 515.8945 10317.89 -10.0339775
38f44fe4-03ec-40d5-a99f-7a5893f7f375 5 0 16 184 14.534769 856.5904 1072.8561 0.44444445 7.534998 0.44444445 224 0.0 469.9397 9398.794 -9.93268
8e072e88-d22f-4cfc-9163-9f5eb3f476e7 5 0 16 185 14.003139 685.49005 1077.5189 0.55349797 8.009115 0.55349797 269 0.0 224.72374 4494.4746 -9.131698
b31a977f-01c2-4cdc-a74f-5fd5426fdaa0 5 0 16 186 13.506734 991.1968 1084.254 0.4575893 7.3156304 0.4575893 205 0.0 22489.389 449787.75 -14.132519
d03bbd4e-4a7b-4d14-be7e-0ebb8c779cc7 5 0 16 187 13.634261 366.42227 1232.5903 0.5037037 8.038779 0.5037037 272 0.0 220.00673 4400.135 -9.1086645
e93d7ceb-2916-48e3-8686-e566de54abbd 5 0 16 189 13.306317 827.0007 1311.7388 0.47142857 8.850532 0.47142857 363 0.0 476.60034 9532.007 -9.947961
ff9227ba-647d-438c-bfd0-4ec99d9ab197 5 0 16 190 12.557815 1113.9938 1320.3247 0.5708333 8.058434 0.5708333 274 0.0 254.2642 5085.284 -9.265788
edd5d3f6-e8f1-452a-b597-4afa708ca780 5 0 16 191 13.673552 982.90826 1408.6846 0.5416667 7.9187794 0.5416667 260 0.0 412.67493 8253.499 -9.791595
163d2291-6d49-4859-8e53-7576b727ec85 5 0 16 193 13.478562 936.8509 1587.1528 0.5729167 7.489877 0.5729167 220 0.0 6589.988 131799.75 -12.799787
8f2023f5-e64c-461d-a326-988eb7421cf5 5 0 16 194 14.07491 718.75006 1598.4758 0.5694444 7.7740173 0.5694444 246 0.0 255.0799 5101.5977 -9.269265
4605fbce-d35d-4ac4-a0ca-0c4b6dc987d5 5 0 16 195 14.381278 830.4174 1770.3604 0.48765433 7.678032 0.48765433 237 0.0 5231.233 104624.664 -12.549086
9db3572c-123b-403f-87fa-05377f0210de 5 0 16 197 13.655783 1530.9331 2034.6233 0.5486111 7.678032 0.5486111 237 0.0 424.6019 8492.038 -9.82253
17501eb1-a764-49fc-9e5c-62a41be8bde3 5 0 16 198 13.728627 1497.197 2038.039 0.4976852 7.4327 0.4976852 215 0.0 1875.2365 37504.73 -11.435215
383fea6b-cc41-48e9-85b2-004e375a5c2b 5 0 16 199 14.6693735 322.25583 22.224474 0.5856481 7.847066 0.5856481 253 0.0 1322.5963 26451.926 -11.056143
25853503-9c42-4e5f-b931-1ab882546c21 5 0 16 201 14.581503 77.34541 180.00832 0.5020576 7.752892 0.5020576 244 0.0 756.0919 15121.838 -10.449012
0915bce3-92e5-4682-b073-d04740c85840 5 0 16 202 14.393687 97.91275 417.63068 0.48703703 7.9491196 0.48703703 263 0.0 564.8773 11297.546 -10.132461
91fbbfe6-c135-4221-a504-b5400783722e 5 0 16 203 15.182199 884.5851 550.57245 0.4585538 7.9187794 0.4585538 260 0.0 1519.1863 30383.727 -11.206603
0e0e13b1-2281-477f-87f3-61493df1cb9c 5 0 16 205 13.977125 284.55035 650.084 0.43386245 8.556413 0.43386245 328 0.0 359.03165 7180.633 -9.640407
eae1ac14-44db-4b92-93cb-cf5d64a29949 5 0 16 207 15.093183 421.71933 690.0484 0.52916664 7.857391 0.52916664 254 0.0 272.8606 5457.212 -9.342427
4203c145-e75a-4c72-b4f0-e210793ce042 5 0 16 209 14.184278 1222.4299 756.47504 0.46190476 8.22176 0.46190476 291 0.0 299.6539 5993.0776 -9.444125
ed553599-f6d0-4818-98d7-af059e8dab38 5 0 16 210 14.618233 677.12885 829.2135 0.48412699 7.752892 0.48412699 244 0.0 6638.804 132776.08 -12.807799
f34702f8-bf58-4a75-995f-bc63d2ce715d 5 0 16 211 15.178262 1450.1664 854.7191 0.4575893 7.3156304 0.4575893 205 0.0 14281.916 285638.3 -13.639542
4eefadda-29d7-491a-8fc9-d0129e48c8cf 5 0 16 212 14.395892 1502.8136 860.5129 0.5041152 7.7634687 0.5041152 245 0.0 2932.8584 58657.168 -11.920803
008d7971-b084-4dac-80c1-c3a137b1a19d 5 0 16 214 14.657012 1037.5447 978.8859 0.5318182 8.75191 0.5318182 351 0.0 476.47607 9529.521 -9.947678
651f1a49-a3f2-46ec-afc3-ebdf5ccaf2c4 5 0 16 215 14.358129 213.92947 1015.2299 0.49074075 7.9692187 0.49074075 265 0.0 15362.707 307254.16 -13.718744
64625bf5-fb3c-4180-8689-b022b9a27b5c 5 0 16 216 15.050261 1006.75385 1070.4672 0.52008927 7.6345906 0.52008927 233 0.0 3675.6257 73512.516 -12.165903
a43a0002-9caa-450c-a095-773324464a7d 5 0 16 217 14.0 504.31955 1142.0669 0.48765433 7.678032 0.48765433 237 0.0 497.60858 9952.172 -9.994795
0bf31264-3e0d-49d2-9e9e-51d148de17f8 5 0 16 218 14.0 520.44617 1148.5859 0.48214287 7.742286 0.48214287 243 0.0 380.89944 7617.989 -9.7046
09e889e7-e9a2-4b50-8856-75b95b3a49c8 5 0 16 219 14.674804 389.32748 1152.8433 0.49382716 7.710293 0.49382716 240 0.0 1212.9983 24259.965 -10.962225
f62de54b-f4a9-4d0e-bed0-9e7a9b29dcd1 5 0 16 220 15.086287 1217.1324 1182.6737 0.42857143 7.4442058 0.42857143 216 0.0 14508.88 290177.6 -13.65666
