resources/traces_dataset/IN/segmentedObjects/segmentedObjects_3D_barcode.dat
# %ECSV 1.0
# ---
# datatype:
# - {name: Buid, datatype: string}
# - {name: 'ROI #', datatype: int64}
# - {name: 'CellID #', datatype: int64}
# - {name: 'Barcode #', datatype: int64}
# - {name: id, datatype: int64}
# - {name: zcentroid, datatype: float32}
# - {name: xcentroid, datatype: float32}
# - {name: ycentroid, datatype: float32}
# - {name: sharpness, datatype: float32}
# - {name: roundness1, datatype: float32}
# - {name: roundness2, datatype: float32}
# - {name: npix, datatype: int64}
# - {name: sky, datatype: float32}
# - {name: peak, datatype: float32}
# - {name: flux, datatype: float32}
# - {name: mag, datatype: float32}
# meta: !!omap
# - comments: ['', filtered]
# schema: astropy-2.0
Buid "ROI #" "CellID #" "Barcode #" id zcentroid xcentroid ycentroid sharpness roundness1 roundness2 npix sky peak flux mag
[from data line 4139]
197301a5-f2ea-41ee-993b-a6c2bd936ded 5 0 7 11 10.400773 182.90182 614.9374 0.47474748 8.13611 0.47474748 282 0.0 35504.188 710083.75 -14.628274
44feb5bb-df36-4050-a9c9-59ae024fffdc 5 0 7 12 9.547887 178.3702 627.08215 0.6638889 7.699569 0.6638889 239 0.0 3309.5835 66191.67 -12.052009
99935655-18c2-4063-9ca7-b26f3c727bb2 5 0 7 13 9.586434 570.123 671.0543 0.6488889 8.231167 0.6488889 292 0.0 908.06934 18161.387 -10.647873
b0869049-04a8-4299-8813-9e03ea458814 5 0 7 14 8.24338 823.1078 729.6037 0.46883118 8.834247 0.46883118 361 0.0 376.49875 7529.9746 -9.691984
bbbc0590-3692-42f2-9221-6474f3bfb0e9 5 0 7 15 10.2776165 1911.7646 795.1151 0.6419753 7.9187794 0.6419753 260 0.0 232.62427 4652.4854 -9.169212
47556b9d-08ff-4ac5-bc33-0e7d796a3834 5 0 7 16 10.306127 1455.0732 815.35236 0.5019841 7.847066 0.5019841 253 0.0 4688.99 93779.805 -12.430273
e0de4a9f-fe80-4912-9a63-7f21bd8186cb 5 0 7 17 9.103559 1366.6565 839.041 0.61071426 6.88651 0.61071426 171 0.0 30006.898 600138.0 -14.445628
2eaee3ef-cd0f-4a55-ae47-d27fbf87e96f 5 0 7 18 9.461306 832.74786 841.36523 0.60555553 8.5477085 0.60555553 327 0.0 388.5575 7771.15 -9.726213
68143a40-a605-4b6f-9de8-4da877d178da 5 0 7 19 9.193862 1980.0271 896.7626 0.5717593 7.784537 0.5717593 247 0.0 808.01337 16160.268 -10.521121
7bf4e0f3-c247-4f7c-a7d2-988f71be8537 5 0 7 20 9.64019 1108.7511 1025.3235 0.54 8.019028 0.54 270 0.0 1142.8231 22856.463 -10.897523
12b69eb8-719a-4cfb-9054-c0fa4474fe0b 5 0 7 22 10.526644 1033.5079 1076.0059 0.5717593 7.784537 0.5717593 247 0.0 2755.4612 55109.227 -11.853061
4a9ff827-1223-4be5-bffe-ee9200639b37 5 0 7 23 10.27461 223.22116 1080.3712 0.4920635 7.795028 0.4920635 248 0.0 286.0995 5721.9897 -9.3938675
b698b7a3-ef95-4cef-84ad-f3511283ce0a 5 0 7 24 9.937532 1203.2244 1147.5979 0.5733333 7.8984227 0.5733333 258 0.0 1141.589 22831.78 -10.896349
7c68d63e-7d48-4863-82a6-eb66fc305bd7 5 0 7 28 10.691948 1136.0096 57.99074 0.46493506 8.809707 0.46493506 358 0.0 274.47284 5489.457 -9.348824
be980caf-e1ac-4a2c-be3f-e49e76d1d00a 5 0 7 29 10.589893 1057.2345 84.23704 0.3920635 7.784537 0.3920635 247 0.0 277.9139 5558.2783 -9.36235
da9a7d42-357b-441d-a494-507640288020 5 0 7 31 10.652215 1309.89 213.52359 0.5092593 8.068226 0.5092593 275 0.0 1073.5203 21470.406 -10.8296
edd491ab-fd39-4fde-9dae-8f07363b7dcd 5 0 7 32 10.369284 1344.5374 516.9367 0.41948053 8.5127125 0.41948053 323 0.0 244.40112 4888.0225 -9.222833
2fe94a32-f394-445e-b46b-c9174b2cb445 5 0 7 33 10.5163145 899.7517 593.1687 0.41904762 7.959182 0.41904762 264 0.0 13200.544 264010.88 -13.554054
1e78c8e9-30f0-45ee-918f-c3c224baba37 5 0 7 34 11.090516 1462.8169 805.1068 0.46666667 7.836714 0.46666667 252 0.0 2248.6777 44973.555 -11.632393
f9193434-c795-4375-866d-37380927fbb9 5 0 7 35 11.175135 1464.1066 960.4839 0.39375 7.1201267 0.39375 189 0.0 700.54645 14010.93 -10.366167
2cff2a93-bd36-4476-9476-58091ab87f64 5 0 7 36 11.315396 1464.1418 960.62213 0.40123457 6.2851396 0.40123457 130 0.0 660.53033 13210.606 -10.302307
8b3126e2-058c-4e7c-af67-2e4730ce68c4 5 0 7 37 11.193773 1325.1675 968.14923 0.5 7.4442058 0.5 216 0.0 19043.275 380865.5 -13.951929
26818129-1a5c-4f86-9509-6fbbb3afa557 5 0 7 38 11.266814 1296.4896 975.1442 0.5300926 7.5906496 0.5300926 229 0.0 1557.368 31147.36 -11.233553
89e9871c-a738-495a-9a7d-3831424d0aa4 5 0 7 39 11.950179 1410.3649 1024.4375 0.45833334 7.612684 0.45833334 231 0.0 582.3005 11646.009 -10.165442
d774b9ae-236d-4e78-8c1b-12be0794653a 5 0 7 40 10.435563 230.0297 1124.0885 0.47530866 7.612684 0.47530866 231 0.0 392.31366 7846.2734 -9.736659
f39b7ac5-1a4d-4f50-a988-1824c218f8bf 5 0 7 41 11.002238 745.5967 1438.6454 0.49382716 8.116831 0.49382716 280 0.0 465.6068 9312.136 -9.922624
38240711-3446-40d3-bfb7-cb505aa0aeaa 5 0 7 42 10.444119 517.9882 1637.883 0.42337662 8.538986 0.42337662 326 0.0 253.39696 5067.9395 -9.262078
15df4869-4f19-4ecf-b0ba-5665ce9a7d5a 5 0 7 43 10.707427 1370.5475 1853.7213 0.47736627 7.623653 0.47736627 232 0.0 801.6617 16033.233 -10.512553
b4b0c416-448b-4b47-8eda-7c4e424859e3 5 0 7 44 9.823016 1386.5399 135.09106 0.4826389 6.426957 0.4826389 139 0.0 238.35196 4767.039 -9.1956215
c995fde8-01f7-4eec-bc27-b30fd2831f78 5 0 7 49 12.204513 326.55328 546.09064 0.5349794 7.9187794 0.5349794 260 0.0 12482.94 249658.81 -13.493367
bf0ab9d2-b016-425e-8d22-02b5cc1a57e4 5 0 7 50 11.459015 1462.057 581.1645 0.5041152 7.7634687 0.5041152 245 0.0 4219.7505 84395.01 -12.315792
fe8f3a0f-0b66-4f68-a9ce-6f0edde6ce91 5 0 7 51 11.58966 155.81621 625.4045 0.44603175 8.126482 0.44603175 281 0.0 1107.5951 22151.902 -10.863527
4669d000-8a48-4a0f-bd33-a987f91a1cb9 5 0 7 52 12.7774935 822.0946 628.4418 0.5949074 7.8882046 0.5949074 257 0.0 754.89276 15097.855 -10.4472885
e0486486-4697-4763-8cd5-c4bbce584ac1 5 0 7 53 12.693463 1354.2958 720.7231 0.4356261 7.784537 0.4356261 247 0.0 401.37738 8027.548 -9.761457
a038a932-e1a2-4cca-8d28-084e62d6441f 5 0 7 54 11.943606 1316.7812 726.8003 0.47619048 8.305661 0.47619048 300 0.0 233.97925 4679.585 -9.175518
58532b0d-97de-42ee-8239-3f306bc1ef25 5 0 7 55 11.730298 467.61697 906.2611 0.45052084 6.913254 0.45052084 173 0.0 24873.408 497468.16 -14.241913
98e662ff-d971-45dd-a5b4-d3afd53d41cd 5 0 7 56 11.898739 467.5648 906.3741 0.47857141 5.039167 0.47857141 67 0.0 22440.5 448810.0 -14.1301565
b6f0921b-dac3-49af-a25c-37718ed362ac 5 0 7 57 12.660643 1297.6058 946.71014 0.5598958 7.4327 0.5598958 215 0.0 13771.302 275426.03 -13.600013
7f32e1dc-8e4e-4212-86b0-9440d5a1ed2a 5 0 7 58 10.835415 261.32532 1039.196 0.50416666 7.7316513 0.50416666 242 0.0 579.4879 11589.759 -10.160186
af85c571-24e6-4213-9cbb-8e465e0a8f34 5 0 7 59 11.703054 1089.1124 1042.7926 0.49176955 7.699569 0.49176955 239 0.0 19309.793 386195.88 -13.967019
a674feb0-a312-4dbf-a240-15640f07358d 5 0 7 60 13.319975 1209.2778 1166.2606 0.50446427 7.557357 0.50446427 226 0.0 2267.6357 45352.715 -11.641508
3e74eacc-2136-4cc8-9e72-919301c37fc0 5 0 7 62 11.747546 1919.3883 1211.7878 0.46296296 7.546194 0.46296296 225 0.0 2450.3037 49006.074 -11.725625
07722350-f540-44e2-bc08-a7b799b3c2f3 5 0 7 63 11.556606 971.79517 1235.9867 0.46608946 8.5127125 0.46608946 323 0.0 332.25775 6645.155 -9.556263
71afea25-a8dc-423b-9c89-9d06926b4206 5 0 7 64 13.063964 1462.4823 1735.7465 0.47942388 7.6345906 0.47942388 233 0.0 1321.4978 26429.957 -11.055242
f150f447-495e-4bf4-b631-471b12f7a2c5 5 0 7 65 11.350017 1648.0527 1782.7682 0.43738976 7.795028 0.43738976 248 0.0 526.88696 10537.74 -10.056869
7d1a80f1-bc39-4e83-890b-fd0f8c2c9d20 5 0 7 68 13.104042 1601.4879 93.7714 0.3271605 6.7214994 0.3271605 159 0.0 5578.272 111565.44 -12.618824
fcfde6a5-6595-4c53-88c0-fa0efadf2077 5 0 7 69 13.098058 350.50412 139.8886 0.5162037 7.5237684 0.5162037 223 0.0 11854.88 237097.6 -13.437318
f2a59b21-cffc-4dae-ba02-d29eaf9b3f16 5 0 7 71 12.274075 998.4852 165.5855 0.47936508 8.324078 0.47936508 302 0.0 365.42935 7308.587 -9.659583
fd6b891f-357d-400f-a2b3-88e46bf24757 5 0 7 73 11.986519 1683.6343 411.64008 0.43 8.314879 0.43 301 0.0 235.46902 4709.381 -9.182409
22be5926-4aa2-46f0-9530-d792eb4d00e3 5 0 7 74 12.769118 265.96088 523.3852 0.6041667 7.623653 0.6041667 232 0.0 24279.385 485587.7 -14.215669
59340a32-d1bf-4248-83f7-9eb3618c7214 5 0 7 75 12.641741 920.3274 653.45734 0.44 8.378842 0.44 308 0.0 852.43054 17048.611 -10.579223
55f4ec56-65af-48b5-8eb1-13cc6f10f8ff 5 0 7 76 12.0 1060.2565 701.6246 0.44444445 7.2069664 0.44444445 196 0.0 983.6208 19672.416 -10.734644
0b37553e-4b36-4405-8f17-55e35231f0ca 5 0 7 77 12.193932 1053.3635 708.1912 0.5416667 7.3511434 0.5416667 208 0.0 4714.1875 94283.75 -12.436092
b0ba7133-d73a-4fee-98eb-dd1919169aee 5 0 7 78 12.819661 964.4545 741.1762 0.5126984 8.5127125 0.5126984 323 0.0 447.1292 8942.584 -9.878657
6f39c8d7-b4b6-4691-af25-7744170e1ebc 5 0 7 79 12.293617 662.6996 830.4717 0.5092593 7.489877 0.5092593 220 0.0 25069.137 501382.72 -14.250423
f51d7299-4b95-445b-a9a7-a08bb485c672 5 0 7 80 12.364847 218.17273 832.7147 0.47089946 7.989217 0.47089946 267 0.0 2357.8616 47157.23 -11.68387
86097970-faf5-4a05-9409-033567242a62 5 0 7 81 12.5125885 188.28212 993.5048 0.4979424 7.7316513 0.4979424 242 0.0 5027.684 100553.68 -12.505995
00738b25-54c3-4850-abe0-d9029600dcf6 5 0 7 82 11.758895 682.54626 1064.0071 0.525463 7.568487 0.525463 227 0.0 511.75693 10235.139 -10.025234
6b77f77e-be0b-4b89-a97a-e793de87ba6f 5 0 7 83 11.102025 796.60474 1558.5378 0.49 8.249917 0.49 294 0.0 264.46036 5289.2075 -9.308476
f75eae94-e858-49c3-a61e-92a1456bc031 5 0 7 84 12.25594 1021.0298 1558.6877 0.46142858 8.5127125 0.46142858 323 0.0 255.55602 5111.12 -9.27129
1eb68bad-fb96-494a-b75b-04da84f21914 5 0 7 85 14.048799 1190.675 19.225138 0.5349794 7.9187794 0.5349794 260 0.0 4542.702 90854.04 -12.395861
80ea22da-8dc3-475c-aeb2-dd0a71e10ab2 5 0 7 86 13.089419 1601.4944 93.74496 0.3875 5.621188 0.3875 93 0.0 5055.5107 101110.22 -12.511988
cc2e42c2-958d-4772-94aa-08ea92f2393e 5 0 7 87 14.322146 1601.6952 103.13915 0.5648148 7.752892 0.5648148 244 0.0 1108.6481 22172.96 -10.864559
d9536546-ebf8-4d03-89c0-d65252f72928 5 0 7 88 14.343351 52.796486 134.86403 0.5694444 7.7740173 0.5694444 246 0.0 255.36903 5107.381 -9.270495
0b7b4fd2-bf5c-4437-892e-525ea7a6670e 5 0 7 89 13.100321 350.5019 139.89175 0.6875 4.3801064 0.6875 44 0.0 7395.5225 147910.45 -12.924997
4508fe0a-3715-4e6e-998f-e2b23a8f2841 5 0 7 90 13.836284 1055.7744 161.20737 0.6111111 7.959182 0.6111111 264 0.0 12617.289 252345.78 -13.504991
976d8925-70f7-4e2f-84f8-bed5b3cfc206 5 0 7 91 14.995578 75.30355 180.633 0.45714286 8.193409 0.45714286 288 0.0 235.38673 4707.735 -9.18203
28037d88-aaf4-4043-b680-ed3ad5f6de89 5 0 7 92 13.367538 1296.5236 241.42722 0.4940476 7.8054914 0.4940476 249 0.0 1852.1023 37042.047 -11.421738
81c30415-7dd4-47e2-974e-ac7531af5c32 5 0 7 94 12.290912 373.73166 334.24756 0.52901787 7.678032 0.52901787 237 0.0 429.97006 8599.401 -9.83617
0d331042-471a-4bbc-b292-a38ad8f6fe7b 5 0 7 95 13.4743595 277.87155 342.39688 0.49444443 7.989217 0.49444443 267 0.0 21589.922 431798.44 -14.088202
435db3f3-7877-4c0a-a587-62cd964f31ad 5 0 7 96 13.647415 378.1636 390.1923 0.50088185 8.155299 0.50088185 284 0.0 475.8216 9516.432 -9.946185
172db06c-0490-42b3-8f9e-6444fc3b14a2 5 0 7 97 12.090535 1043.1354 444.2619 0.4940476 7.8054914 0.4940476 249 0.0 365.8772 7317.5435 -9.660913
daa854ed-1e6b-4a29-b12a-eb0ad3d7035e 5 0 7 98 13.516317 998.63776 518.82776 0.5300926 7.5906496 0.5300926 229 0.0 44641.176 892823.5 -14.876914
fa783649-9fe3-469a-901a-8a8462f16f9f 5 0 7 99 12.334335 1493.9927 529.918 0.42857143 8.826082 0.42857143 360 0.0 297.2195 5944.39 -9.435268
6b94b5d2-adaf-49f1-ba12-fa54b347410b 5 0 7 100 14.372575 236.55495 531.4616 0.5133333 8.378842 0.5133333 308 0.0 29440.037 588800.75 -14.424921
c0204493-e165-4381-94f8-ca6754fe9c8c 5 0 7 101 14.313912 1103.5187 578.70715 0.5231481 7.557357 0.5231481 226 0.0 495.56775 9911.355 -9.990333
de049ad0-bd0f-4288-8e5b-11e91af2ca9e 5 0 7 102 14.182821 390.43704 648.1949 0.5138889 7.512505 0.5138889 222 0.0 1545.7659 30915.318 -11.225434
c04dc0de-ce37-486d-aa13-20f7ecdf4b53 5 0 7 103 14.343519 613.44073 698.41284 0.46825397 7.6672177 0.46825397 236 0.0 3408.7717 68175.43 -12.08407
b823bfcf-f708-41c0-8dcf-c887be5a2c4c 5 0 7 104 14.328234 976.44147 751.25635 0.5114638 8.212331 0.5114638 290 0.0 548.9756 10979.513 -10.101458
7ece2ded-7fc3-4398-bfe9-f58144184250 5 0 7 105 12.097335 286.01367 777.7436 0.56296295 8.342412 0.56296295 304 0.0 449.27728 8985.546 -9.883862
d7e73990-f557-4fcb-baf5-7a619da58ed5 5 0 7 106 13.768906 310.9967 786.43054 0.46071428 7.8984227 0.46071428 258 0.0 272.87192 5457.438 -9.342472
ffd1d1a4-352b-4396-a80f-dc9113bab97f 5 0 7 107 14.002695 373.80746 789.4066 0.57592595 8.405959 0.57592595 311 0.0 570.58777 11411.756 -10.143381
429a5838-f4f8-4e96-a537-fbe145c07e3b 5 0 7 108 14.106678 1462.5634 797.8845 0.5486111 7.678032 0.5486111 237 0.0 2383.9023 47678.043 -11.695796
b6dfa55b-cff2-446e-b2a1-8dc405a175e7 5 0 7 109 13.421646 704.3453 851.8885 0.5 7.4442058 0.5 216 0.0 28947.049 578940.94 -14.406586
b0a7b07b-f6e2-4d8e-92d7-b7f193e6b9ea 5 0 7 110 13.64525 370.2157 867.79535 0.53055555 9.00233 0.53055555 382 0.0 883.387 17667.74 -10.617952
91e92cb7-4bb6-4964-a117-feba66397bd3 5 0 7 111 13.381645 704.0038 866.0139 0.5379464 7.720987 0.5379464 241 0.0 1217.293 24345.86 -10.966063
79806a9f-f2ce-4e69-b989-50c7afb2774c 5 0 7 112 13.654746 1977.6113 888.92334 0.48971194 7.6888156 0.48971194 238 0.0 652.40607 13048.121 -10.28887
aef82265-3707-40aa-bafc-3042592c2c8c 5 0 7 113 14.069194 450.96463 896.2282 0.58201057 7.489877 0.58201057 220 0.0 336.09714 6721.943 -9.568737
0375a3cf-7330-41f4-8248-a065997ee2d1 5 0 7 114 14.684493 1034.0801 894.36926 0.44620812 7.847066 0.44620812 253 0.0 379.88583 7597.717 -9.701708
a406d049-9027-4deb-9abe-ba6b3664073d 5 0 7 116 14.301258 214.41335 1011.91907 0.51666665 8.107156 0.51666665 279 0.0 31212.07 624241.44 -14.488381
68b8a2c6-63c5-4591-bd5f-849cb28abcfc 5 0 7 117 13.564204 989.97974 1083.3726 0.47544643 7.409581 0.47544643 213 0.0 34309.793 686195.9 -14.59112
e89f173c-675a-4bc0-b266-6748441aa90d 5 0 7 119 13.15079 644.2524 1531.0123 0.49545455 8.5477085 0.49545455 327 0.0 665.0979 13301.958 -10.309789
2e134bd0-d01b-4ffe-aeaa-57d74da6bde8 5 0 7 120 14.451561 706.48254 1558.2867 0.5324074 7.6016827 0.5324074 230 0.0 1002.5845 20051.69 -10.755378
2c723084-09ea-4784-9986-e747dd2b833b 5 0 7 121 13.494338 928.8827 1579.8691 0.41622576 7.6672177 0.41622576 236 0.0 13965.136 279302.72 -13.615188
202e9cc8-5cc8-4a4b-96d4-fe11327b4e6c 5 0 7 122 13.881643 917.09814 1615.8309 0.49176955 7.699569 0.49176955 239 0.0 1280.5148 25610.295 -11.021036
c286a0d0-fb46-4436-be38-c33884df0103 5 0 7 123 14.433909 828.71484 1765.1346 0.5601852 7.7316513 0.5601852 242 0.0 3063.3538 61267.08 -11.968068
3851edc2-0b67-4932-b4b3-e27c48b15f86 5 0 7 124 13.897341 1773.9762 1866.5076 0.6041667 7.623653 0.6041667 232 0.0 1042.938 20858.76 -10.798222
751e7832-d8cd-4d8b-99d8-396a33d9fa4b 5 0 7 126 14.014521 1526.9636 2033.3906 0.46626985 7.656373 0.46626985 235 0.0 630.6169 12612.338 -10.251989
79101e46-f0f6-4ad5-8689-f3cf5acbf1db 5 0 7 127 13.898918 1736.0247 20.316042 0.52037036 8.126482 0.52037036 281 0.0 203.58167 4071.6333 -9.024422
9efb7238-b965-4fb1-8324-35ab3fe4d92a 5 0 7 128 14.05577 1158.8635 43.159546 0.5589225 8.591055 0.5589225 332 0.0 415.19543 8303.909 -9.798206
33fb53ab-ce0f-4e9c-be02-010a806105b1 5 0 7 129 13.7030945 699.0079 283.1043 0.56458336 8.028915 0.56458336 271 0.0 566.393 11327.86 -10.135369
058eaeed-9bbd-4e9f-bfcb-07dd3a93f5ec 5 0 7 130 14.401478 1345.0513 457.9245 0.5329218 7.908614 0.5329218 259 0.0 419.92322 8398.464 -9.8105
f369914e-dd3b-49ec-b313-a9afa441402e 5 0 7 131 14.857727 8.066835 460.9884 0.5833333 7.534998 0.5833333 224 0.0 12454.94 249098.8 -13.490929
bc6c152a-5de8-4764-b1a6-8136bc0abaec 5 0 7 132 14.874229 264.58347 550.06433 0.5416667 7.6454973 0.5416667 234 0.0 3109.0735 62181.473 -11.984153
b6c8f64c-d668-408a-941f-a8e888fdc1b2 5 0 7 133 13.520877 1506.6583 611.28986 0.44126984 8.097459 0.44126984 278 0.0 228.497 4569.94 -9.149776
069b8a0c-368d-446e-abcc-20a5177f4c9b 5 0 7 134 14.843627 346.5251 670.33295 0.56026787 7.826334 0.56026787 251 0.0 1504.1143 30082.285 -11.195777
e7a01725-2a2d-4248-b3e2-eb6f4826a243 5 0 7 135 14.52832 782.2094 720.9751 0.4984127 8.432901 0.4984127 314 0.0 9787.335 195746.7 -13.229237
68bd1c8d-0d25-4e5d-b2ef-710f263b50a9 5 0 7 136 15.0749655 1220.6052 756.8305 0.4888393 7.4785113 0.4888393 219 0.0 2603.3237 52066.477 -11.791395
6d7f021b-8c23-4fd0-9cb7-1895e0600483 5 0 7 137 14.953181 1219.8099 769.60767 0.6111111 7.959182 0.6111111 264 0.0 337.1641 6743.2817 -9.572178
d173c452-dd42-4908-b38a-d7c90ba7dbee 5 0 7 138 15.349565 387.5104 1152.963 0.54115224 7.9491196 0.54115224 263 0.0 3625.5261 72510.52 -12.151003
e8bf295d-4189-4958-9af9-0dadc99497f9 5 0 7 139 14.978957 1219.1716 1183.9476 0.5520833 7.3979673 0.5520833 212 0.0 1924.5972 38491.945 -11.463425
