resources/small_dataset/OUT/segmentSources3D/data/segmentedObjects_3D_barcode.dat
# %ECSV 1.0
# ---
# datatype:
# - {name: Buid, datatype: string}
# - {name: 'ROI #', datatype: int64}
# - {name: 'CellID #', datatype: int64}
# - {name: 'Barcode #', datatype: int64}
# - {name: id, datatype: int64}
# - {name: zcentroid, datatype: float32}
# - {name: xcentroid, datatype: float32}
# - {name: ycentroid, datatype: float32}
# - {name: sharpness, datatype: float32}
# - {name: roundness1, datatype: float32}
# - {name: roundness2, datatype: float32}
# - {name: npix, datatype: int64}
# - {name: sky, datatype: float32}
# - {name: peak, datatype: float32}
# - {name: flux, datatype: float32}
# - {name: mag, datatype: float32}
# schema: astropy-2.0
Buid "ROI #" "CellID #" "Barcode #" id zcentroid xcentroid ycentroid sharpness roundness1 roundness2 npix sky peak flux mag
0645e3b2-2846-4cc9-9b9d-9a13e3da1b61 5 0 26 0 7.400985 121.703026 288.7255 0.62666667 8.13611 0.62666667 282 0.0 397.0 7940.0 -9.749551
1dac21ba-e851-450c-bbc8-efc1d0f4af11 5 0 26 1 7.0 341.69916 189.48587 0.5151515 8.6595125 0.5151515 340 0.0 273.0 5460.0 -9.342981
2c39a3a3-660f-48d8-84bf-a2aa14aafbba 5 0 26 2 9.484907 297.16943 310.57608 0.4 5.433674 0.4 84 0.0 319.0 6380.0 -9.512052
32b569e0-175f-474f-a7c1-e21337495ed9 5 0 26 3 9.44971 297.49536 311.03644 0.31944445 3.5283885 0.31944445 23 0.0 234.0 4680.0 -9.175614
4aaaf85d-efc5-46ea-b16c-94bf466a9c88 5 0 26 4 8.605466 434.07846 314.39978 0.4702381 7.678032 0.4702381 237 0.0 21869.0 437380.0 -14.102147
6bc69b29-64ef-4647-b3eb-b65f3d2aa773 5 0 26 5 9.308193 305.91364 317.22168 0.5234375 6.3489523 0.5234375 134 0.0 349.0 6980.0 -9.609638
9f6851fa-a1d0-4a25-95bc-c108b5a4fc70 5 0 26 6 8.293234 404.10974 324.87775 0.47942388 7.6345906 0.47942388 233 0.0 781.0 15620.0 -10.484202
d378636f-e2a9-4501-9058-807f77afd98f 5 0 26 7 9.273233 198.4917 391.0104 0.5123457 7.8054914 0.5123457 249 0.0 17144.0 342880.0 -13.837855
c5fab0c3-3808-4bfd-a55e-f9887f01c04c 5 0 26 8 8.14223 146.88562 427.49106 0.6432292 7.784537 0.6432292 247 0.0 2255.0 45100.0 -11.635442
f35de27c-3791-4a20-8b9b-64aa8a5f461e 5 0 26 9 7.5337105 311.93323 497.1591 0.65 7.3511434 0.65 208 0.0 16743.0 334860.0 -13.812159
92c94208-f2fe-4d3e-947b-553ae8448af0 5 0 26 10 9.375255 164.0854 54.46762 0.5494792 7.3863173 0.5494792 211 0.0 4050.0 81000.0 -12.271213
e7951031-a970-4a46-917b-26b778b79b5c 5 0 26 11 9.344526 315.7559 106.10896 0.52263373 7.857391 0.52263373 254 0.0 10670.0 213400.0 -13.322986
876a4e8a-9469-4a01-be26-499c18138fbb 5 0 26 12 11.359194 404.81708 296.10492 0.49588478 7.720987 0.49588478 241 0.0 225.0 4500.0 -9.133031
f13c3c12-7c26-41c7-851d-263916a0cdfd 5 0 26 13 10.92536 100.5503 433.29514 0.5069444 7.4785113 0.5069444 219 0.0 18508.0 370160.0 -13.920974
0aa28922-59fa-4022-a512-e01143045419 5 0 26 14 10.0 91.18856 45.921684 0.48853615 8.087737 0.48853615 277 0.0 259.0 5180.0 -9.285825
c37cb1a8-ffc3-4d0e-a0bb-4073c697638a 5 0 26 15 10.691309 197.28267 325.51117 0.56458336 8.028915 0.56458336 271 0.0 575.0 11500.0 -10.151745
617a1939-c744-4eb1-81a7-fdec9fc91abb 5 0 26 16 13.2952 118.265816 67.691536 0.5205761 7.847066 0.5205761 253 0.0 484.0 9680.0 -9.964688
480942c6-5ad4-41e6-b872-284f5ab783b3 5 0 26 17 12.252917 62.236023 137.60344 0.52674896 7.87796 0.52674896 256 0.0 622.0 12440.0 -10.237051
a6aa083d-f9ee-410e-af0d-00cf85bf170a 5 0 26 18 15.271018 80.07624 9.503287 0.5925926 7.87796 0.5925926 256 0.0 3775.0 75500.0 -12.194867
330485db-49f8-4124-8ffc-05eeacbd005d 5 0 26 19 14.202979 467.65338 39.256363 0.5185185 7.836714 0.5185185 252 0.0 2839.0 56780.0 -11.8854885
fcba63b7-337c-4f25-a42c-d73db9d38559 5 0 26 20 14.963472 130.4017 107.82792 0.48853615 8.087737 0.48853615 277 0.0 604.0 12080.0 -10.205168
9fd0d5ff-4d9d-4f50-8dcb-a60671f216ad 5 0 26 21 13.582061 323.1749 123.888695 0.4303351 7.752892 0.4303351 244 0.0 4285.0 85700.0 -12.332452
57091e0f-96e8-4a7a-b862-0ffd19c98043 5 0 26 22 13.799098 343.0952 177.5757 0.43738976 7.795028 0.43738976 248 0.0 195.0 3900.0 -8.977661
fb528511-e984-4501-91ba-7f10cde1dacc 5 0 26 23 13.815862 435.32043 293.4482 0.43386245 7.7740173 0.43386245 246 0.0 459.0 9180.0 -9.907106
ffd77fa4-9f58-4bb8-af7c-09f472b0d0de 5 0 26 24 13.821866 67.804474 315.94492 0.54814816 8.268581 0.54814816 296 0.0 709.0 14180.0 -10.37919
c1cb2a00-8d68-4165-bb14-ac87fb2d436b 5 0 26 25 14.402901 249.49333 329.21588 0.53518516 8.202881 0.53518516 289 0.0 671.0 13420.0 -10.319382
ece07ab5-84c5-4042-8d45-c87f4c358f6c 5 0 26 26 15.457153 118.2191 379.47076 0.5694444 7.7740173 0.5694444 246 0.0 479.0 9580.0 -9.953414
e6559293-eb6e-4c7d-ba38-7a935ec5affc 5 0 26 27 14.135569 61.146423 480.18378 0.47619048 8.019028 0.47619048 270 0.0 448.0 8960.0 -9.88077
a6b7000a-3cd4-4630-b02c-98cc82665e22 5 0 26 28 13.0 344.03107 488.46014 0.5578704 7.720987 0.5578704 241 0.0 431.0 8620.0 -9.838768
0d878a69-5fac-4d8c-8b5d-b08faffb2c6a 5 0 26 29 15.596373 101.15038 42.158195 0.46507937 8.240553 0.46507937 293 0.0 432.0 8640.0 -9.841285
eb06876c-aeef-4c4a-aa7a-a5b3b374e106 5 0 26 30 15.394471 293.4064 125.45837 0.4479718 7.857391 0.4479718 254 0.0 610.0 12200.0 -10.215899
8482a094-c74b-4993-9036-e2144f54aea0 5 0 26 31 14.299326 37.870872 320.10574 0.43080357 7.1700068 0.43080357 193 0.0 746.0 14920.0 -10.4344225
92fd2fcd-62e4-4308-a4c7-d6dc38340909 5 0 26 32 16.671755 4.948211 336.45087 0.6271605 7.857391 0.6271605 254 0.0 1145.0 22900.0 -10.899589
8658fd05-ad6c-4d91-9a3a-2754f1925a8f 5 0 26 33 16.39228 153.20848 444.26227 0.52916664 7.857391 0.52916664 254 0.0 1040.0 20800.0 -10.795158
c874b5d6-2d7d-483b-90b9-05d361559ae2 5 0 26 34 15.0 232.90532 16.23948 0.4888393 7.4785113 0.4888393 219 0.0 522.0 10440.0 -10.046751
3f0b3447-23a4-45c2-847d-e40bd09317dd 5 0 26 35 15.284979 174.94469 40.403793 0.6481481 6.939792 0.6481481 175 0.0 2116.0 42320.0 -11.566364
9aa15dd1-643d-4644-b88e-17512ac2a7c4 5 0 26 36 16.196123 59.621525 505.06274 0.47833332 8.183914 0.47833332 287 0.0 629.0 12580.0 -10.249202
1566e725-87b7-4a3e-849e-e9243d11b4ff 5 0 26 37 16.217371 142.52037 481.65622 0.525463 7.568487 0.525463 227 0.0 544.0 10880.0 -10.091572
1f893235-ab44-4657-9bf5-75f224db3c09 5 0 26 38 16.691366 342.28253 41.05776 0.46707818 7.568487 0.46707818 227 0.0 4791.0 95820.0 -12.45364
59f39a5a-9d2b-4597-8754-3178f0d15ecf 5 0 26 39 17.71831 478.67273 97.76646 0.56296295 7.5795846 0.56296295 228 0.0 1555.0 31100.0 -11.231901
95330a5d-0eed-4f83-87a8-a159a1551529 5 0 27 0 7.459174 148.56514 425.0013 0.5833333 7.37463 0.5833333 210 0.0 8131.0083 162620.16 -13.027936
612a8cca-9b67-4d02-89ed-a3d8a3bd21e1 5 0 27 1 9.01551 79.04416 138.96233 0.5671296 7.7634687 0.5671296 245 0.0 1125.8652 22517.305 -10.881291
eceda3d9-5d0c-484a-a198-8ecd7236d9fc 5 0 27 2 8.835001 241.42471 162.03983 0.43809524 8.077993 0.43809524 276 0.0 817.017 16340.34 -10.533153
908246cf-62a0-451f-bc9e-66b31343f629 5 0 27 3 6.8647504 491.84274 191.95952 0.6354167 7.752892 0.6354167 244 0.0 386.29553 7725.9106 -9.719874
ab94c14b-b274-4d9f-907c-5312831fd5bc 5 0 27 4 8.637015 433.90143 312.86237 0.5208333 7.546194 0.5208333 225 0.0 1891.4845 37829.69 -11.444582
3c2566d5-fed4-4010-a0df-9fc4905d56b9 5 0 27 5 8.245159 406.32263 324.31686 0.49444443 7.989217 0.49444443 267 0.0 8752.334 175046.67 -13.107884
bd3606e0-8cf7-46ed-a2e5-9f3f4beef597 5 0 27 6 7.1603494 220.4239 369.70215 0.65 7.031116 0.65 182 0.0 20711.562 414231.25 -14.043107
8efc1503-654b-46d4-a35d-fcb612be21b2 5 0 27 7 9.492204 163.79283 53.090393 0.45679012 7.908614 0.45679012 259 0.0 29105.879 582117.56 -14.412527
52f0952e-fedc-46e2-aa1c-fec918510c04 5 0 27 8 10.294255 261.752 127.590904 0.4940476 7.8054914 0.4940476 249 0.0 643.9802 12879.604 -10.274756
5c07b5d5-cf6a-41c6-9be5-afb6f4cab38c 5 0 27 9 10.41548 334.61902 181.66031 0.5240741 8.145716 0.5240741 283 0.0 398.14282 7962.8564 -9.752672
0fd065ca-4afb-4a9e-a245-178f32d0aef0 5 0 27 10 10.818489 73.51166 188.14006 0.46651787 7.3629055 0.46651787 209 0.0 1038.6407 20772.814 -10.793738
5605c147-2d92-4b3b-9c67-b53aff25ef2e 5 0 27 11 9.660137 399.924 299.91 0.5347222 7.612684 0.5347222 231 0.0 7642.5806 152851.61 -12.960675
f39edc48-1b2d-4a7c-bdf3-7550faa803c9 5 0 27 12 9.748472 161.21283 331.94653 0.5208333 7.8159266 0.5208333 250 0.0 718.23553 14364.71 -10.393242
1b1adf8e-2196-408d-8143-34b27a29ca3b 5 0 27 13 9.996204 93.61404 336.4646 0.45679012 7.908614 0.45679012 259 0.0 881.7223 17634.445 -10.615905
f4bd1b1d-87c9-47c9-8043-e0cd39515c93 5 0 27 14 10.065202 149.54297 376.5697 0.5755208 7.5012083 0.5755208 221 0.0 1016.1568 20323.135 -10.769977
499fffa8-4a7d-406f-8853-68cbca1916a5 5 0 27 15 9.933214 315.69876 510.0 0.546875 5.8532476 0.546875 105 0.0 4699.0527 93981.05 -12.432601
d1a229af-162c-439a-aefb-4b29be7650d6 5 0 27 16 11.470885 100.84393 432.72888 0.5625 7.4442058 0.5625 216 0.0 60004.406 1200088.1 -15.198032
801b17ce-04db-4821-9e92-5e2dd25fce46 5 0 27 17 11.087787 67.992874 11.776722 0.5019841 7.847066 0.5019841 253 0.0 811.1401 16222.802 -10.525314
40446176-2b20-42de-a428-2ad74fe5abd6 5 0 27 18 11.289067 487.55795 140.02298 0.5092593 8.068226 0.5092593 275 0.0 817.75446 16355.089 -10.534132
e75526cd-aed3-4874-ba0b-d6d00635b381 5 0 27 19 13.338011 123.252335 185.56775 0.49801588 7.826334 0.49801588 251 0.0 777.13086 15542.617 -10.47881
4a4b8b3c-8d81-4e93-adad-19141c580085 5 0 27 20 13.088613 108.49807 192.45837 0.52154195 7.6016827 0.52154195 230 0.0 955.10535 19102.107 -10.702703
678a920b-b7dc-4bfd-bf6d-7317ac6bc116 5 0 27 21 12.748854 172.71472 249.77203 0.49603173 7.8159266 0.49603173 250 0.0 693.7317 13874.634 -10.355554
f75d8af2-5967-42df-a763-f6948d7cd3ea 5 0 27 22 13.438929 215.39214 305.7827 0.6058201 7.5906496 0.6058201 229 0.0 474.72968 9494.594 -9.943691
e37021fc-a3c3-4f11-8ad1-1b4d9aed036f 5 0 27 23 13.279373 203.69806 397.92807 0.5532407 7.699569 0.5532407 239 0.0 6600.8247 132016.5 -12.801571
63e77ea6-ad7b-4c20-b71c-5ff83b5b4700 5 0 27 24 12.187632 110.85188 490.034 0.55349797 8.009115 0.55349797 269 0.0 867.12103 17342.42 -10.5977745
06b0d2ba-bf7a-4ab4-9baa-90471f0516c3 5 0 27 25 14.935447 12.558868 13.928761 0.52674896 7.87796 0.52674896 256 0.0 997.5802 19951.604 -10.749945
519062dc-0c44-4815-ab3b-34d57db2ba28 5 0 27 26 13.242565 454.74115 13.220871 0.43142858 8.324078 0.43142858 302 0.0 550.3168 11006.336 -10.104107
77d144dc-c996-4ca4-bf45-e4238524a930 5 0 27 27 13.828096 469.1642 37.615124 0.5393519 7.6345906 0.5393519 233 0.0 12993.047 259860.94 -13.536853
20be58a3-b578-420f-ab20-460c656a9bfb 5 0 27 28 15.005979 453.1799 47.933548 0.48809522 7.7740173 0.48809522 246 0.0 502.32022 10046.404 -10.005027
3ca7a5ff-841f-47be-93fe-647b34872582 5 0 27 29 15.351067 320.28494 130.16684 0.546875 7.37463 0.546875 210 0.0 8831.267 176625.34 -13.117633
3561f990-ba30-4617-b884-bf11c0dc0b95 5 0 27 30 14.837927 77.800896 166.17728 0.46969697 8.107156 0.46969697 279 0.0 864.4248 17288.496 -10.594393
cf8df3d0-4202-493b-9eb7-c05b937aba0f 5 0 27 31 13.961956 169.90329 236.88145 0.5185185 7.534998 0.5185185 224 0.0 661.21655 13224.331 -10.303434
2ef3df21-47f8-4ac0-b088-5970acba206e 5 0 27 32 13.542373 435.90305 293.78278 0.4732143 7.3979673 0.4732143 212 0.0 5370.537 107410.74 -12.57762
f2f1dc70-79de-4f0a-88d2-fb91661d6244 5 0 27 33 14.439756 253.27954 394.52896 0.4955357 7.512505 0.4955357 222 0.0 445.51016 8910.203 -9.874719
d52109ee-8e61-4e35-84ab-48c9d351b465 5 0 27 34 15.200693 37.231483 418.50345 0.5164609 7.826334 0.5164609 251 0.0 1016.5631 20331.262 -10.770411
c61dd726-608f-457e-9bc2-63b3f01c489b 5 0 27 35 15.730585 100.62534 41.52729 0.525463 7.568487 0.525463 227 0.0 2696.3547 53927.094 -11.829517
bf1ef1c8-13c8-420f-be75-8131dca07be4 5 0 27 36 15.63732 294.8075 127.09494 0.5671296 7.7634687 0.5671296 245 0.0 1703.5858 34071.715 -11.330985
6da7c2f4-2582-423c-860d-b98d672ad4c9 5 0 27 37 15.377601 189.72385 244.71786 0.41111112 7.908614 0.41111112 259 0.0 762.7722 15255.444 -10.458562
886dfad2-b46f-43ed-87f0-87f1d2c86844 5 0 27 38 15.790699 273.05707 314.64938 0.50416666 7.7316513 0.50416666 242 0.0 525.44855 10508.971 -10.053901
fa71487a-09b8-446a-93e2-71ba4d5c68ae 5 0 27 39 17.150553 432.03162 39.860302 0.4888889 6.317207 0.4888889 132 0.0 201.5545 4031.09 -9.0135565
e9f478b8-8444-41c8-9e49-e0500615a892 5 0 27 40 16.249949 175.48032 41.742004 0.5123457 7.8054914 0.5123457 249 0.0 39661.586 793231.7 -14.7485
a16cf18e-6809-45e3-8cb5-65e44a28cd9c 5 0 27 41 16.264708 135.32716 127.4982 0.53333336 8.486276 0.53333336 320 0.0 1358.0302 27160.602 -11.084848
e2ad5751-dd90-4e1e-be6f-5e8f8e94eb9e 5 0 27 42 17.41836 409.18466 173.9862 0.53125 7.867689 0.53125 255 0.0 428.46393 8569.278 -9.83236
de39e721-4122-4f6f-b780-6d8895b8d48a 5 0 27 43 17.192522 431.88205 40.475197 0.58 6.0508976 0.58 116 0.0 186.6432 3732.8643 -8.930105
5df82fd1-cd28-4900-aaeb-b025b53d5adf 5 0 27 44 17.161879 182.04387 345.63086 0.58518517 7.678032 0.58518517 237 0.0 587.97766 11759.554 -10.175977
